0 0.5609375 0.6921875 0.30546875 0.6109375
0 0.25859375 0.63359375 0.25234375 0.59375
0 0.5625 0.18046875 0.1921875 0.3609375
0 0.196875 0.171875 0.09140625 0.34375
0 0.05390625 0.58515625 0.1078125 0.478125
0 0.8484375 0.21640625 0.2984375 0.4328125
0 0.12734375 0.17421875 0.053125 0.3484375
0 0.04453125 0.1359375 0.05546875 0.271875
0 0.0921875 0.10546875 0.040625 0.2109375
0 0.29609375 0.16796875 0.0984375 0.3359375
0 0.43984375 0.30859375 0.115625 0.26171875
0 0.865625 0.7078125 0.21640625 0.540625