0 0.15859375 0.65390625 0.196875 0.09609375
0 0.2140625 0.1625 0.22109375 0.1703125
0 0.20546875 0.26953125 0.146875 0.0765625
0 0.53828125 0.765625 0.64921875 0.459375
0 0.2828125 0.271875 0.11328125 0.053125
0 0.3546875 0.8140625 0.21875 0.146875
0 0.37265625 0.1078125 0.20703125 0.1921875
0 0.3390625 0.20703125 0.071875 0.0578125
0 0.36171875 0.2609375 0.103125 0.084375
0 0.49765625 0.2390625 0.26953125 0.18984375
0 0.525 0.12890625 0.19453125 0.0890625
0 0.66796875 0.15859375 0.1828125 0.1390625
0 0.6609375 0.27734375 0.10546875 0.07421875
0 0.696875 0.071875 0.1390625 0.0765625
0 0.82109375 0.24609375 0.25234375 0.146875
0 0.771875 0.1734375 0.071875 0.0671875
0 0.76953125 0.12734375 0.0578125 0.03359375
0 0.8265625 0.72109375 0.1296875 0.10546875
0 0.92421875 0.8546875 0.146875 0.23828125