0 0.16953125 0.703125 0.11796875 0.11328125
0 0.1828125 0.5984375 0.1390625 0.115625
0 0.22265625 0.29453125 0.1421875 0.146875
0 0.23046875 0.50859375 0.14921875 0.1078125
0 0.259375 0.71875 0.14453125 0.1390625
0 0.27890625 0.6578125 0.14921875 0.13671875
0 0.27734375 0.5734375 0.13671875 0.1078125
0 0.290625 0.4375 0.1203125 0.15859375
0 0.30625 0.3078125 0.1421875 0.1875
0 0.36640625 0.6625 0.103125 0.18046875
0 0.3796875 0.58046875 0.09140625 0.13671875
0 0.4015625 0.36875 0.071875 0.09375
0 0.39765625 0.49375 0.05078125 0.11796875
0 0.40625 0.27265625 0.0625 0.19921875
0 0.6828125 0.53125 0.27421875 0.64453125