0 0.015625 0.3484375 0.03125 0.0578125
0 0.01796875 0.10078125 0.0359375 0.02890625
0 0.0203125 0.1453125 0.040625 0.05546875
0 0.03828125 0.49609375 0.0765625 0.18515625
0 0.49765625 0.82421875 0.9953125 0.34609375
0 0.15 0.03515625 0.21875 0.06953125
0 0.1265625 0.14921875 0.1609375 0.053125
0 0.24140625 0.62734375 0.26171875 0.09609375
0 0.334375 0.43984375 0.4234375 0.1875
0 0.24296875 0.084375 0.09609375 0.04296875
0 0.25625 0.01328125 0.12265625 0.0265625
0 0.58984375 0.3015625 0.56015625 0.1515625
0 0.47578125 0.0765625 0.08203125 0.03359375
0 0.7171875 0.1046875 0.1421875 0.06484375
0 0.7203125 0.03828125 0.11796875 0.0765625
0 0.86171875 0.140625 0.12265625 0.06484375
0 0.8890625 0.0265625 0.08203125 0.053125
0 0.93984375 0.04296875 0.08671875 0.03359375
0 0.97109375 0.23828125 0.053125 0.071875