0 0.55390625 0.78828125 0.1515625 0.2015625
0 0.2453125 0.56875 0.08203125 0.12734375
0 0.2453125 0.8296875 0.47109375 0.33671875
0 0.93046875 0.1609375 0.1296875 0.0578125
0 0.80078125 0.18515625 0.125 0.071875
0 0.55859375 0.53515625 0.06015625 0.09375
0 0.73046875 0.06484375 0.0765625 0.0578125
0 0.1765625 0.59375 0.084375 0.09140625
0 0.4390625 0.0421875 0.06015625 0.06015625
0 0.5140625 0.046875 0.071875 0.084375
0 0.50234375 0.12109375 0.0765625 0.06953125
0 0.5734375 0.10078125 0.084375 0.0625