13 0.178125 0.83046875 0.1296875 0.11328125
13 0.58671875 0.615625 0.08671875 0.071875
13 0.16328125 0.553125 0.071875 0.0625
13 0.4546875 0.61875 0.09140625 0.09375
13 0.3734375 0.615625 0.2859375 0.1875
13 0.36875 0.61171875 0.12265625 0.07421875
13 0.06875 0.9515625 0.13671875 0.09140625
13 0.16953125 0.65390625 0.0890625 0.0578125
13 0.728125 0.6046875 0.0765625 0.084375
13 0.7921875 0.53828125 0.06484375 0.0765625
13 0.61796875 0.53359375 0.10546875 0.0765625
13 0.36171875 0.50859375 0.12265625 0.05546875
13 0.52890625 0.4890625 0.053125 0.0453125
13 0.68125 0.50234375 0.11328125 0.053125
13 0.7046875 0.47265625 0.53828125 0.18984375
13 0.4046875 0.94921875 0.0890625 0.0578125
13 0.36875 0.71640625 0.11328125 0.04296875