0 0.50078125 0.63984375 0.9984375 0.6953125
0 0.83984375 0.6890625 0.30078125 0.55078125
0 0.146875 0.13203125 0.2640625 0.178125
0 0.60234375 0.14765625 0.0890625 0.05546875
0 0.44375 0.08984375 0.12265625 0.05546875
0 0.21484375 0.75625 0.3921875 0.478125
0 0.7015625 0.1921875 0.0484375 0.03828125
0 0.74609375 0.1546875 0.05078125 0.0453125
0 0.7921875 0.18046875 0.05078125 0.03828125
0 0.9328125 0.17578125 0.134375 0.09140625
0 0.3390625 0.07421875 0.0671875 0.0765625
0 0.1390625 0.36875 0.115625 0.11796875