0 0.21875 0.9109375 0.1296875 0.14921875
0 0.56015625 0.58984375 0.1296875 0.165625
0 0.7453125 0.625 0.178125 0.196875
0 0.9328125 0.45078125 0.09140625 0.165625
0 0.5265625 0.2875 0.0625 0.09375
0 0.65234375 0.140625 0.13671875 0.0890625
0 0.3265625 0.796875 0.125 0.18046875
0 0.7859375 0.415625 0.08671875 0.10546875
0 0.10546875 0.6140625 0.08671875 0.18515625
0 0.6296875 0.615625 0.071875 0.1109375
0 0.97265625 0.3953125 0.05078125 0.165625
0 0.04296875 0.66796875 0.08203125 0.134375
0 0.2203125 0.609375 0.290625 0.2953125
0 0.85234375 0.3859375 0.0984375 0.18515625
0 0.20078125 0.73203125 0.09375 0.15625
0 0.040625 0.6046875 0.0484375 0.0796875
0 0.89921875 0.3421875 0.0484375 0.12734375