0 0.553125 0.69609375 0.0671875 0.0796875
0 0.2453125 0.6625 0.0765625 0.1421875
0 0.828125 0.4015625 0.2046875 0.08203125
0 0.8375 0.915625 0.06953125 0.09609375
0 0.1234375 0.6890625 0.228125 0.18515625
0 0.69375 0.40859375 0.103125 0.053125
0 0.1265625 0.584375 0.2234375 0.1875
0 0.053125 0.7703125 0.10546875 0.1515625
0 0.29921875 0.58046875 0.11796875 0.06953125
0 0.8890625 0.8796875 0.09140625 0.1296875
0 0.71171875 0.65859375 0.303125 0.3609375
0 0.29453125 0.665625 0.5890625 0.3609375
0 0.7171875 0.33984375 0.1078125 0.09375
0 0.8234375 0.42890625 0.13203125 0.0890625