1 0.2984375 0.52734375 0.1203125 0.09609375
1 0.17421875 0.509375 0.06015625 0.125
1 0.196875 0.21875 0.09140625 0.10546875
1 0.23203125 0.8015625 0.084375 0.125
1 0.37109375 0.9125 0.084375 0.11328125
1 0.334375 0.9390625 0.08671875 0.09609375
1 0.12109375 0.875 0.08671875 0.09375
1 0.1734375 0.94609375 0.07421875 0.08203125
1 0.0828125 0.77890625 0.06484375 0.11328125
1 0.03828125 0.63125 0.07421875 0.10078125
1 0.1453125 0.58203125 0.1078125 0.13671875
1 0.04296875 0.5015625 0.05546875 0.1109375
1 0.08515625 0.2140625 0.0671875 0.11328125
1 0.021875 0.22734375 0.03125 0.09609375
1 0.0375 0.803125 0.0484375 0.10546875
1 0.66796875 0.7078125 0.10546875 0.125
1 0.76953125 0.8703125 0.10078125 0.14453125
1 0.69921875 0.4859375 0.09140625 0.115625
1 0.446875 0.28359375 0.08203125 0.11328125
1 0.5140625 0.20546875 0.06484375 0.08671875
1 0.84765625 0.30546875 0.084375 0.08671875
1 0.84375 0.46875 0.14921875 0.13203125
1 0.88671875 0.6875 0.13203125 0.146875
1 0.89453125 0.9375 0.1703125 0.07421875