0 0.2171875 0.4859375 0.08671875 0.06015625
0 0.1515625 0.19453125 0.09375 0.06015625
0 0.0765625 0.1453125 0.06953125 0.06015625
0 0.07109375 0.29453125 0.06953125 0.06484375
0 0.071875 0.359375 0.05546875 0.053125
0 0.1546875 0.44375 0.0578125 0.0484375
0 0.04296875 0.46171875 0.06953125 0.05546875
0 0.04921875 0.6078125 0.071875 0.06484375
0 0.271875 0.60546875 0.0890625 0.0484375
0 0.27265625 0.259375 0.07421875 0.06015625
0 0.2703125 0.3140625 0.08203125 0.0359375
0 0.15 0.3140625 0.0453125 0.0359375
0 0.1828125 0.34765625 0.0765625 0.0484375
0 0.21875 0.3953125 0.0671875 0.0484375
0 0.25 0.43515625 0.08203125 0.0359375
0 0.2484375 0.2046875 0.071875 0.06015625
0 0.134375 0.115625 0.0765625 0.05078125
0 0.04296875 0.1015625 0.0859375 0.06875
0 0.23828125 0.08515625 0.10078125 0.05078125
0 0.20078125 0.2640625 0.0625 0.040625
0 0.30625 0.38125 0.05078125 0.03359375
0 0.11328125 0.41015625 0.03828125 0.0359375