0 0.4796875 0.2046875 0.1296875 0.1828125
0 0.56875 0.275 0.14453125 0.1828125
0 0.7140625 0.2859375 0.15390625 0.17578125
0 0.68046875 0.41796875 0.15625 0.22578125
0 0.62265625 0.48046875 0.1390625 0.2140625
0 0.44453125 0.32421875 0.14453125 0.228125
0 0.4734375 0.521875 0.13203125 0.22109375
0 0.67421875 0.65390625 0.19453125 0.2234375
0 0.6421875 0.75 0.15859375 0.259375
0 0.55859375 0.84375 0.1609375 0.16796875
0 0.48046875 0.81640625 0.1109375 0.2015625
0 0.44375 0.66484375 0.1875 0.2046875
0 0.334375 0.5453125 0.13203125 0.146875
0 0.2875 0.6859375 0.14921875 0.196875
0 0.38203125 0.771875 0.13671875 0.1921875