0 0.31875 0.58203125 0.13203125 0.2015625
0 0.50703125 0.8125 0.10546875 0.1875
0 0.76328125 0.6734375 0.1734375 0.20703125
0 0.73828125 0.3703125 0.16328125 0.19921875
0 0.92578125 0.4796875 0.13203125 0.1921875
0 0.73203125 0.1671875 0.1296875 0.146875
0 0.515625 0.15234375 0.125 0.15859375
0 0.23828125 0.20078125 0.09140625 0.10078125
0 0.18046875 0.13203125 0.1421875 0.1875
0 0.10078125 0.421875 0.1421875 0.15859375
0 0.05859375 0.60078125 0.0984375 0.1734375
0 0.2125 0.6984375 0.10078125 0.16328125
0 0.34375 0.796875 0.1203125 0.1421875
0 0.209375 0.83984375 0.1875 0.1921875
0 0.603125 0.46171875 0.07421875 0.16328125