1 0.40859375 0.4421875 0.125 0.13671875
1 0.375 0.265625 0.1421875 0.0984375
1 0.240625 0.06640625 0.1703125 0.103125
1 0.21875 0.459375 0.1828125 0.18046875
1 0.2703125 0.696875 0.26171875 0.12734375
1 0.29453125 0.93125 0.196875 0.12734375
1 0.61796875 0.63125 0.21640625 0.30078125
1 0.7546875 0.3140625 0.134375 0.125
1 0.78359375 0.478125 0.2546875 0.14921875
1 0.8578125 0.86640625 0.1203125 0.2015625
1 0.7328125 0.89296875 0.10078125 0.13203125
1 0.80546875 0.0875 0.125 0.12734375
1 0.6734375 0.13671875 0.10546875 0.13203125