0 0.1703125 0.1609375 0.240625 0.1296875
0 0.4890625 0.41328125 0.20703125 0.165625
0 0.9 0.34140625 0.16796875 0.1296875
0 0.50625 0.5640625 0.16796875 0.103125
0 0.2703125 0.484375 0.14453125 0.0984375
0 0.35546875 0.72109375 0.1078125 0.08671875
0 0.19921875 0.6828125 0.165625 0.0765625
0 0.30859375 0.8265625 0.1078125 0.07421875
0 0.8234375 0.834375 0.10078125 0.07421875
0 0.834375 0.68359375 0.0453125 0.08203125
0 0.88125 0.5640625 0.0984375 0.1078125
0 0.53515625 0.71875 0.11796875 0.06484375
0 0.5140625 0.8109375 0.084375 0.0625
0 0.13125 0.85078125 0.09609375 0.0796875
0 0.5609375 0.23046875 0.10078125 0.0765625
0 0.6890625 0.1515625 0.1828125 0.06015625
0 0.38125 0.1140625 0.1609375 0.09609375