0 0.18046875 0.14921875 0.26171875 0.165625
0 0.3015625 0.2828125 0.2671875 0.1296875
0 0.37109375 0.40625 0.31953125 0.19453125
0 0.40625 0.6734375 0.375 0.32421875
0 0.06953125 0.46015625 0.1390625 0.18046875
0 0.68046875 0.6046875 0.303125 0.2453125
0 0.72265625 0.5 0.28359375 0.19921875
0 0.9421875 0.5109375 0.1078125 0.22109375
0 0.68046875 0.27734375 0.19921875 0.15625
0 0.89296875 0.290625 0.1875 0.178125
0 0.74609375 0.109375 0.19921875 0.146875
0 0.53359375 0.084375 0.23046875 0.1515625