0 0.328125 0.24140625 0.25 0.1609375
0 0.6234375 0.2640625 0.21875 0.18046875
0 0.853125 0.3890625 0.209375 0.1828125
0 0.7609375 0.5421875 0.21875 0.21171875
0 0.48828125 0.41796875 0.25 0.2234375
0 0.18359375 0.39765625 0.2234375 0.16328125
0 0.134375 0.28828125 0.2046875 0.11328125
0 0.390625 0.11171875 0.165625 0.07421875
0 0.72109375 0.10546875 0.18984375 0.125
0 0.8484375 0.70546875 0.18984375 0.1734375
0 0.52734375 0.68125 0.3484375 0.2765625
0 0.33046875 0.57578125 0.228125 0.18046875
0 0.08515625 0.59609375 0.1703125 0.14921875
0 0.1890625 0.76796875 0.240625 0.1609375
0 0.38359375 0.90390625 0.19453125 0.15625
0 0.74140625 0.88203125 0.18046875 0.125
0 0.95546875 0.5453125 0.0796875 0.1078125
0 0.1671875 0.95546875 0.259375 0.084375