0 0.51796875 0.7796875 0.23828125 0.334375
0 0.80625 0.62734375 0.228125 0.3578125
0 0.63359375 0.50859375 0.25234375 0.3125
0 0.6453125 0.2390625 0.2234375 0.2953125
0 0.8796875 0.42890625 0.2140625 0.28359375
0 0.23046875 0.7671875 0.2546875 0.30546875
0 0.40859375 0.65625 0.32421875 0.33671875
0 0.2609375 0.4828125 0.2546875 0.25
0 0.44375 0.3328125 0.21875 0.2765625
0 0.4171875 0.1234375 0.29296875 0.24296875
0 0.134375 0.39296875 0.25234375 0.3296875
0 0.11640625 0.13203125 0.2140625 0.18515625
0 0.87734375 0.1671875 0.19453125 0.24765625