0 0.46171875 0.234375 0.2015625 0.25234375
0 0.709375 0.2796875 0.15625 0.20703125
0 0.7453125 0.53515625 0.178125 0.2234375
0 0.61796875 0.93515625 0.21640625 0.12734375
0 0.5046875 0.459375 0.2234375 0.28125
0 0.36875 0.5953125 0.16328125 0.2765625
0 0.29921875 0.83046875 0.2015625 0.29296875
0 0.20546875 0.37109375 0.178125 0.22578125
0 0.07109375 0.2546875 0.1421875 0.19921875
0 0.234375 0.06953125 0.1609375 0.1390625
0 0.9328125 0.08984375 0.12734375 0.165625
0 0.0359375 0.6625 0.071875 0.2546875