0 0.4265625 0.28515625 0.12265625 0.134375
0 0.546875 0.1109375 0.1203125 0.12734375
0 0.70078125 0.19140625 0.09140625 0.1296875
0 0.625 0.30625 0.125 0.16796875
0 0.48828125 0.5109375 0.1296875 0.16796875
0 0.3609375 0.6203125 0.09609375 0.15390625
0 0.55625 0.725 0.12734375 0.1703125
0 0.71640625 0.771875 0.1078125 0.16796875
0 0.8921875 0.74140625 0.115625 0.15625
0 0.921875 0.47734375 0.1109375 0.1734375
0 0.8234375 0.12890625 0.0890625 0.13203125
0 0.7546875 0.13203125 0.07421875 0.10078125
0 0.75703125 0.24375 0.1109375 0.15859375
0 0.68046875 0.5203125 0.1203125 0.13671875
0 0.73046875 0.45703125 0.0765625 0.134375
0 0.0734375 0.81640625 0.10546875 0.13671875
0 0.8078125 0.8640625 0.09140625 0.10078125
0 0.91953125 0.8734375 0.084375 0.08671875