0 0.3390625 0.1671875 0.20703125 0.21875
0 0.08984375 0.3328125 0.15859375 0.209375
0 0.12109375 0.50859375 0.196875 0.26953125
0 0.08671875 0.7125 0.1421875 0.21875
0 0.4203125 0.6859375 0.18984375 0.21875
0 0.421875 0.4890625 0.178125 0.26953125
0 0.5203125 0.3328125 0.2046875 0.26171875
0 0.65234375 0.41796875 0.19921875 0.2453125
0 0.62109375 0.603125 0.19453125 0.290625
0 0.57578125 0.8171875 0.24765625 0.2953125
0 0.728125 0.7875 0.19453125 0.24765625
0 0.8859375 0.6140625 0.196875 0.25703125
0 0.89296875 0.27265625 0.18984375 0.28359375