0 0.48671875 0.32421875 0.24765625 0.303125
0 0.5421875 0.115625 0.2140625 0.18515625
0 0.2875 0.3015625 0.1875 0.24765625
0 0.678125 0.3109375 0.19921875 0.2640625
0 0.7765625 0.41015625 0.15859375 0.18515625
0 0.86640625 0.53125 0.146875 0.21640625
0 0.84765625 0.69375 0.10078125 0.134375
0 0.7828125 0.6390625 0.11328125 0.19453125
0 0.61171875 0.5828125 0.18515625 0.303125
0 0.4359375 0.70078125 0.1515625 0.1703125
0 0.35078125 0.5609375 0.21640625 0.29296875
0 0.2328125 0.5921875 0.15859375 0.34140625