1 0.44921875 0.43984375 0.2328125 0.15859375
1 0.525 0.5171875 0.2046875 0.17578125
1 0.76328125 0.6203125 0.2453125 0.2359375
1 0.796875 0.44609375 0.15390625 0.15859375
1 0.6421875 0.3578125 0.3125 0.21875
1 0.87890625 0.0515625 0.18984375 0.103125
1 0.509375 0.12890625 0.14921875 0.11328125
1 0.1921875 0.34140625 0.1421875 0.1421875
1 0.11171875 0.27265625 0.2234375 0.2046875
1 0.0875 0.5359375 0.16328125 0.14921875
1 0.07421875 0.08125 0.1484375 0.115625
1 0.38359375 0.08203125 0.22578125 0.1421875