2 0.6625 0.22578125 0.1796875 0.25
2 0.6515625 0.86328125 0.2046875 0.2609375
2 0.63359375 0.51171875 0.253125 0.31875
2 0.53203125 0.7328125 0.18125 0.275
2 0.4859375 0.290625 0.2015625 0.25
2 0.3671875 0.03125 0.196875 0.059375
2 0.34921875 0.50625 0.1453125 0.203125
2 0.33984375 0.89921875 0.196875 0.2015625
2 0.29765625 0.36796875 0.1359375 0.225
2 0.28828125 0.76328125 0.0375 0.05625
2 0.2484375 0.11640625 0.05625 0.0375
2 0.19765625 0.86015625 0.090625 0.128125
2 0.15703125 0.70234375 0.1125 0.109375
2 0.13515625 0.6046875 0.08125 0.1
2 0.1046875 0.82578125 0.0765625 0.1078125
2 0.0828125 0.29765625 0.09375 0.09375
2 0.84453125 0.73359375 0.1609375 0.434375
2 0.08515625 0.52734375 0.07578125 0.09765625
2 0.128125 0.4796875 0.0484375 0.084375
2 0.39140625 0.19375 0.0640625 0.12890625