2 0.24453125 0.3734375 0.134375 0.1421875
2 0.83046875 0.39453125 0.14375 0.146875
2 0.62890625 0.41328125 0.2625 0.2046875
2 0.40859375 0.5484375 0.259375 0.2421875
2 0.640625 0.58671875 0.184375 0.1375
2 0.79765625 0.640625 0.1625 0.2875
2 0.4421875 0.74375 0.2984375 0.228125
2 0.56796875 0.10234375 0.109375 0.096875
2 0.4484375 0.16640625 0.128125 0.184375
2 0.33671875 0.1765625 0.034375 0.053125
2 0.53359375 0.21015625 0.10625 0.146875
2 0.38203125 0.39296875 0.07578125 0.0625
2 0.465625 0.40390625 0.06015625 0.0625
2 0.62734375 0.59609375 0.04921875 0.07578125
2 0.6875 0.4171875 0.0671875 0.0890625