0 0.76484375 0.23671875 0.14375 0.2609375
0 0.18671875 0.26953125 0.178125 0.1671875
0 0.34296875 0.33359375 0.146875 0.2609375
0 0.90859375 0.3578125 0.0609375 0.259375
0 0.86328125 0.378125 0.059375 0.246875
0 0.49765625 0.38203125 0.0859375 0.2609375
0 0.22734375 0.45078125 0.146875 0.271875
0 0.7640625 0.4859375 0.1453125 0.1328125
0 0.121875 0.5 0.10625 0.24375
0 0.653125 0.5171875 0.0625 0.2734375
0 0.59296875 0.53125 0.0671875 0.25625
0 0.415625 0.559375 0.0546875 0.265625
0 0.76484375 0.58671875 0.1765625 0.215625
0 0.9 0.61953125 0.096875 0.2421875
0 0.47578125 0.6703125 0.1015625 0.2640625
0 0.60546875 0.696875 0.184375 0.125
0 0.22265625 0.7109375 0.06875 0.2640625
0 0.075 0.73359375 0.0578125 0.2734375
0 0.7625 0.74296875 0.2203125 0.2765625
0 0.16328125 0.784375 0.125 0.265625
0 0.5640625 0.85859375 0.121875 0.2625
0 0.40078125 0.8703125 0.121875 0.2546875
0 0.30390625 0.8703125 0.046875 0.2578125
0 0.765625 0.87265625 0.1765625 0.178125
0 0.21484375 0.10234375 0.1671875 0.128125
0 0.55234375 0.125 0.0484375 0.25
0 0.446875 0.1578125 0.146875 0.1375
0 0.20078125 0.16796875 0.1515625 0.1109375
0 0.64609375 0.225 0.19375 0.321875