0 0.475 0.21953125 0.2046875 0.1078125
0 0.94140625 0.2640625 0.1171875 0.396875
0 0.09296875 0.28984375 0.1671875 0.36875
0 0.8296875 0.2953125 0.103125 0.3296875
0 0.734375 0.38046875 0.109375 0.340625
0 0.67734375 0.39609375 0.140625 0.3921875
0 0.79765625 0.396875 0.134375 0.4078125
0 0.68125 0.39765625 0.1359375 0.4140625
0 0.90859375 0.40546875 0.13125 0.3984375
0 0.565625 0.4359375 0.203125 0.2546875
0 0.37109375 0.5265625 0.1828125 0.28125
0 0.26640625 0.615625 0.2328125 0.1859375
0 0.6609375 0.63828125 0.240625 0.1609375
0 0.878125 0.6625 0.2 0.1125
0 0.08515625 0.73515625 0.1703125 0.215625
0 0.37890625 0.759375 0.203125 0.16875
0 0.76484375 0.775 0.2484375 0.1421875
0 0.2625 0.80625 0.2078125 0.1953125
0 0.07734375 0.84140625 0.1546875 0.21875
0 0.6078125 0.08671875 0.2234375 0.109375
0 0.94765625 0.8796875 0.1046875 0.240625
0 0.778125 0.88125 0.21875 0.125
0 0.1046875 0.89375 0.209375 0.2109375
0 0.84765625 0.96015625 0.2515625 0.0796875
0 0.13515625 0.1640625 0.096875 0.328125
0 0.33125 0.165625 0.2 0.1890625
0 0.675 0.17578125 0.2 0.08125