0 0.57109375 0.72578125 0.1859375 0.3453125
0 0.68359375 0.73828125 0.1515625 0.3203125
0 0.1484375 0.77578125 0.14375 0.4390625
0 0.76015625 0.7953125 0.1203125 0.328125
0 0.471875 0.871875 0.1046875 0.25625
0 0.334375 0.1046875 0.196875 0.1796875
0 0.83046875 0.1125 0.190625 0.225
0 0.59375 0.1578125 0.2 0.1265625
0 0.86796875 0.159375 0.1875 0.2359375
0 0.1328125 0.21328125 0.1921875 0.209375
0 0.7375 0.31953125 0.20625 0.1578125
0 0.878125 0.4109375 0.153125 0.328125
0 0.22734375 0.425 0.0875 0.35625
0 0.42265625 0.4375 0.203125 0.4609375
0 0.125 0.5125 0.175 0.1046875
0 0.678125 0.52109375 0.190625 0.1265625
0 0.909375 0.5375 0.1734375 0.465625
0 0.5375 0.54375 0.1109375 0.296875