0 0.59296875 0.29296875 0.1359375 0.2796875
0 0.659375 0.31796875 0.0859375 0.203125
0 0.72578125 0.4 0.10625 0.2140625
0 0.528125 0.40546875 0.0421875 0.21875
0 0.3921875 0.4625 0.0703125 0.265625
0 0.48125 0.4796875 0.0984375 0.225
0 0.2328125 0.5015625 0.1890625 0.3765625
0 0.10078125 0.51484375 0.175 0.2671875
0 0.684375 0.5375 0.18125 0.2140625
0 0.59453125 0.540625 0.09375 0.2359375
0 0.33828125 0.553125 0.0671875 0.2859375
0 0.4390625 0.63359375 0.0625 0.2796875
0 0.5390625 0.6453125 0.0546875 0.2625