18 0.40703125 0.29296875 0.1359375 0.2796875
18 0.340625 0.31796875 0.0859375 0.203125
18 0.27421875 0.4 0.10625 0.2140625
18 0.471875 0.40546875 0.0421875 0.21875
18 0.6078125 0.4625 0.0703125 0.265625
18 0.51875 0.4796875 0.0984375 0.225
18 0.7671875 0.5015625 0.1890625 0.3765625
18 0.89921875 0.51484375 0.175 0.2671875
18 0.315625 0.5375 0.18125 0.2140625
18 0.40546875 0.540625 0.09375 0.2359375
18 0.66171875 0.553125 0.0671875 0.2859375
18 0.5609375 0.63359375 0.0625 0.2796875
18 0.4609375 0.6453125 0.0546875 0.2625