0 0.57578125 0.55703125 0.1296875 0.6296875
0 0.95 0.57578125 0.096875 0.6265625
0 0.69765625 0.58828125 0.1265625 0.628125
0 0.0453125 0.06328125 0.090625 0.0828125
0 0.8328125 0.62265625 0.1359375 0.6265625
0 0.31640625 0.840625 0.453125 0.296875
0 0.134375 0.0953125 0.1328125 0.090625
0 0.24296875 0.125 0.1265625 0.0828125
0 0.36796875 0.14609375 0.1359375 0.084375
0 0.47734375 0.175 0.13125 0.084375
0 0.59453125 0.20859375 0.1359375 0.103125
0 0.71484375 0.2375 0.1296875 0.0984375
0 0.83671875 0.2703125 0.1375 0.0828125
0 0.02421875 0.40546875 0.0484375 0.6046875
0 0.09921875 0.4421875 0.121875 0.6046875
0 0.2109375 0.446875 0.1234375 0.565625
0 0.34296875 0.478125 0.11875 0.5796875
0 0.459375 0.515625 0.1296875 0.590625