0 0.3640625 0.59609375 0.23125 0.3484375
0 0.471875 0.603125 0.234375 0.3515625
0 0.9390625 0.68515625 0.121875 0.4109375
0 0.0828125 0.68828125 0.165625 0.4015625
0 0.15234375 0.7046875 0.2234375 0.39375
0 0.2203125 0.778125 0.1921875 0.41875
0 0.82890625 0.803125 0.2296875 0.39375
0 0.31484375 0.8265625 0.1234375 0.346875
0 0.96953125 0.83359375 0.0609375 0.3140625
0 0.61953125 0.84921875 0.28125 0.278125
0 0.41796875 0.89140625 0.1453125 0.2171875
0 0.6546875 0.89609375 0.2828125 0.20625
0 0.38203125 0.1 0.24375 0.2
0 0.25703125 0.10390625 0.2703125 0.2078125
0 0.49453125 0.109375 0.25 0.21875
0 0.5640625 0.18046875 0.246875 0.25625
0 0.2921875 0.2390625 0.2828125 0.178125
0 0.07890625 0.24609375 0.1578125 0.3609375
0 0.87578125 0.24765625 0.2484375 0.221875
0 0.765625 0.28359375 0.2734375 0.203125
0 0.66328125 0.33828125 0.265625 0.2171875
0 0.2328125 0.39921875 0.2734375 0.225
0 0.5953125 0.48203125 0.25 0.340625
0 0.05625 0.48203125 0.1125 0.1671875
0 0.48359375 0.48203125 0.24375 0.34375
0 0.77890625 0.49296875 0.271875 0.2375