0 0.284375 0.5984375 0.225 0.1953125
0 0.78671875 0.66875 0.2890625 0.3578125
0 0.59609375 0.6828125 0.0828125 0.4296875
0 0.328125 0.69609375 0.19375 0.203125
0 0.71953125 0.72109375 0.175 0.2046875
0 0.371875 0.7546875 0.240625 0.2828125
0 0.4609375 0.765625 0.203125 0.246875
0 0.71875 0.83046875 0.178125 0.1921875
0 0.44296875 0.09375 0.146875 0.178125
0 0.44921875 0.246875 0.2578125 0.1765625
0 0.63359375 0.33203125 0.221875 0.3203125
0 0.23046875 0.35859375 0.1859375 0.2984375
0 0.40859375 0.396875 0.1765625 0.1671875
0 0.70625 0.4765625 0.221875 0.221875
0 0.56328125 0.48203125 0.0625 0.3203125
0 0.50625 0.48828125 0.0625 0.3234375
0 0.0984375 0.5125 0.090625 0.2140625