18 0.84765625 0.53984375 0.1015625 0.4296875
18 0.65390625 0.54453125 0.1015625 0.434375
18 0.746875 0.5515625 0.1015625 0.421875
18 0.7484375 0.84140625 0.3609375 0.175
18 0.18203125 0.10625 0.0921875 0.0625
18 0.265625 0.115625 0.096875 0.08125
18 0.3515625 0.13828125 0.0984375 0.0796875
18 0.153125 0.14140625 0.084375 0.059375
18 0.4359375 0.15390625 0.0953125 0.075
18 0.22734375 0.1578125 0.090625 0.0671875
18 0.51484375 0.17109375 0.0859375 0.075
18 0.1 0.1765625 0.0828125 0.084375
18 0.17890625 0.1859375 0.0859375 0.065625
18 0.3203125 0.1875 0.1015625 0.0625
18 0.59140625 0.19609375 0.0796875 0.065625
18 0.403125 0.20390625 0.1 0.0796875
18 0.259375 0.2078125 0.0953125 0.0609375
18 0.6734375 0.209375 0.0875 0.0703125
18 0.48515625 0.21484375 0.08125 0.0609375
18 0.35078125 0.228125 0.0953125 0.0703125
18 0.75 0.22890625 0.09375 0.0671875
18 0.5578125 0.23125 0.08125 0.0640625
18 0.6375 0.24453125 0.078125 0.0671875
18 0.83828125 0.2453125 0.1015625 0.0546875
18 0.434375 0.24921875 0.0796875 0.0625
18 0.71875 0.26796875 0.0921875 0.0703125
18 0.51171875 0.27265625 0.090625 0.075
18 0.8078125 0.28984375 0.0890625 0.090625
18 0.58828125 0.29140625 0.0875 0.0765625
18 0.684375 0.31640625 0.1 0.0671875
18 0.778125 0.32265625 0.096875 0.078125
18 0.07109375 0.39453125 0.0796875 0.4203125
18 0.14765625 0.41875 0.0875 0.415625
18 0.9140625 0.43125 0.0890625 0.4015625
18 0.23515625 0.4359375 0.0984375 0.4265625
18 0.31640625 0.47265625 0.0875 0.4328125
18 0.396875 0.48125 0.0875 0.4375
18 0.88828125 0.48984375 0.0890625 0.421875
18 0.4765625 0.496875 0.0828125 0.428125
18 0.5640625 0.5140625 0.1015625 0.428125