18 0.5765625 0.6015625 0.0984375 0.6359375
18 0.83671875 0.6296875 0.084375 0.65
18 0.66328125 0.63828125 0.1015625 0.65
18 0.75 0.66953125 0.096875 0.65
18 0.31640625 0.7875 0.3171875 0.2984375
18 0.04453125 0.36953125 0.0875 0.59375
18 0.1140625 0.415625 0.0828125 0.6078125
18 0.2640625 0.43359375 0.0921875 0.5328125
18 0.18046875 0.43828125 0.090625 0.6046875
18 0.3359375 0.46796875 0.090625 0.5234375
18 0.42265625 0.50625 0.0984375 0.546875
18 0.95546875 0.53046875 0.0875 0.6171875
18 0.88515625 0.56796875 0.0953125 0.621875
18 0.50390625 0.56953125 0.1078125 0.6328125