1 0.771875 0.18046875 0.11796875 0.18984375
1 0.646875 0.18984375 0.1421875 0.23046875
1 0.5875 0.42890625 0.125 0.22109375
1 0.69375 0.51171875 0.09375 0.2640625
1 0.75234375 0.50859375 0.15390625 0.34375
1 0.8796875 0.32421875 0.1515625 0.2859375
1 0.8265625 0.27890625 0.115625 0.20703125
1 0.33203125 0.28828125 0.115625 0.18984375
1 0.26953125 0.36875 0.16796875 0.19453125
1 0.265625 0.53515625 0.125 0.28359375
1 0.203125 0.63828125 0.14453125 0.3265625
1 0.2921875 0.640625 0.15390625 0.303125
1 0.3953125 0.71875 0.1203125 0.2359375
1 0.43984375 0.49296875 0.12734375 0.271875
1 0.3734375 0.4828125 0.09375 0.21640625
1 0.55546875 0.6390625 0.11796875 0.28359375
1 0.48671875 0.71875 0.13671875 0.271875
1 0.45703125 0.22265625 0.0890625 0.1078125
1 0.87890625 0.14453125 0.0796875 0.11328125