1 0.17421875 0.28515625 0.05078125 0.1421875
1 0.24296875 0.196875 0.0578125 0.134375
1 0.2671875 0.1 0.06015625 0.134375
1 0.38359375 0.0828125 0.08671875 0.125
1 0.740625 0.08515625 0.10546875 0.134375
1 0.8140625 0.26796875 0.10078125 0.21875
1 0.84140625 0.446875 0.07421875 0.1515625
1 0.64921875 0.40859375 0.125 0.21171875
1 0.7125 0.65859375 0.0671875 0.165625
1 0.40390625 0.390625 0.0453125 0.15390625
1 0.35 0.34375 0.084375 0.165625
1 0.3546875 0.540625 0.071875 0.13671875
1 0.3109375 0.6890625 0.0796875 0.15859375
1 0.196875 0.540625 0.09609375 0.15390625
1 0.11171875 0.6671875 0.06484375 0.13671875
1 0.05546875 0.59140625 0.0578125 0.11796875
1 0.03359375 0.44453125 0.0671875 0.08671875
1 0.09609375 0.3375 0.0578125 0.11796875
1 0.0296875 0.546875 0.03828125 0.11328125