1 0.69375 0.5765625 0.24765625 0.21640625
1 0.1921875 0.56015625 0.19921875 0.15859375
1 0.1625 0.3953125 0.209375 0.15859375
1 0.42890625 0.37265625 0.0984375 0.08671875
1 0.32578125 0.15859375 0.10546875 0.0765625
1 0.3578125 0.2515625 0.09609375 0.08671875
1 0.2234375 0.2703125 0.115625 0.12265625
1 0.303125 0.29296875 0.10078125 0.1515625
1 0.45546875 0.18046875 0.1421875 0.0890625
1 0.73828125 0.321875 0.09609375 0.06484375
1 0.73828125 0.375 0.09609375 0.06953125
1 0.478125 0.44609375 0.0796875 0.0765625