1 0.81953125 0.6296875 0.18515625 0.21640625
1 0.40390625 0.64296875 0.25703125 0.2984375
1 0.1140625 0.921875 0.196875 0.1390625
1 0.178125 0.52734375 0.2328125 0.2328125
1 0.18515625 0.30390625 0.16796875 0.19921875
1 0.2453125 0.146875 0.15625 0.134375
1 0.37265625 0.19609375 0.16328125 0.13671875
1 0.52734375 0.16796875 0.16796875 0.2015625
1 0.80625 0.22109375 0.1734375 0.1875
1 0.71015625 0.05625 0.1296875 0.08203125
1 0.61796875 0.35703125 0.1734375 0.14921875
1 0.6734375 0.509375 0.17578125 0.21171875
1 0.9234375 0.36328125 0.13671875 0.228125
1 0.9046875 0.1984375 0.13203125 0.15390625