16 0.23125 0.1 0.2703125 0.2
16 0.5015625 0.10546875 0.2734375 0.1859375
16 0.74296875 0.1125 0.2265625 0.18125
16 0.2265625 0.29765625 0.2734375 0.1859375
16 0.496875 0.30078125 0.2078125 0.1765625
16 0.746875 0.3015625 0.2515625 0.1828125
16 0.23828125 0.4921875 0.2796875 0.196875
16 0.50078125 0.49921875 0.246875 0.178125
16 0.7546875 0.49921875 0.253125 0.1734375
16 0.2453125 0.68671875 0.25625 0.1828125
16 0.50625 0.6921875 0.259375 0.203125
16 0.7609375 0.6984375 0.2578125 0.1796875
16 0.7625 0.89375 0.24375 0.1859375
16 0.23671875 0.89375 0.24375 0.18125
16 0.4953125 0.9015625 0.2625 0.1875