2 0.45625 0.48359375 0.078125 0.034375
2 0.2921875 0.578125 0.2609375 0.215625
2 0.75234375 0.25078125 0.14765625 0.21171875
2 0.6640625 0.19765625 0.0828125 0.0515625
2 0.671875 0.29140625 0.08046875 0.0828125
2 0.53046875 0.35390625 0.11796875 0.12265625
2 0.559375 0.2140625 0.10078125 0.11171875
2 0.4890625 0.2390625 0.1203125 0.10703125
2 0.390625 0.36171875 0.0890625 0.07578125
2 0.471875 0.59453125 0.140625 0.21640625
2 0.57734375 0.47578125 0.1359375 0.05390625
2 0.4265625 0.43828125 0.14296875 0.06015625
2 0.33125 0.3328125 0.09140625 0.14296875
2 0.3125 0.80703125 0.08046875 0.09140625
2 0.465625 0.8234375 0.0515625 0.08046875
2 0.375 0.746875 0.10234375 0.140625
2 0.58359375 0.54375 0.1046875 0.06953125