2 0.22578125 0.3375 0.2515625 0.1796875
2 0.86328125 0.3484375 0.2609375 0.2046875
2 0.51171875 0.36640625 0.31875 0.253125
2 0.7328125 0.46796875 0.275 0.1828125
2 0.290625 0.5140625 0.25 0.2015625
2 0.03125 0.6328125 0.0609375 0.196875
2 0.50625 0.65078125 0.203125 0.1453125
2 0.36796875 0.70234375 0.225 0.1359375
2 0.76328125 0.71171875 0.05625 0.0359375
2 0.11640625 0.7515625 0.0390625 0.05625
2 0.86015625 0.80234375 0.128125 0.090625
2 0.70234375 0.84296875 0.109375 0.1125
2 0.6046875 0.86484375 0.0984375 0.08125
2 0.82578125 0.8953125 0.1078125 0.0765625
2 0.29765625 0.9171875 0.09375 0.09375
2 0.73359375 0.15546875 0.434375 0.1609375
2 0.34140625 0.221875 0.20546875 0.09609375
2 0.19765625 0.609375 0.140625 0.0671875
2 0.48359375 0.8671875 0.1046875 0.046875
2 0.53125 0.92734375 0.13359375 0.09140625
2 0.84921875 0.66484375 0.0734375 0.08515625
2 0.95625 0.74921875 0.08671875 0.05546875
2 0.94609375 0.68828125 0.10703125 0.0734375
2 0.9453125 0.58515625 0.109375 0.0359375
2 0.94453125 0.4953125 0.09375 0.03125