18 0.42890625 0.72578125 0.1859375 0.3453125
18 0.31640625 0.73828125 0.1515625 0.3203125
18 0.8515625 0.77578125 0.14375 0.4390625
18 0.23984375 0.7953125 0.1203125 0.328125
18 0.528125 0.871875 0.1046875 0.25625
18 0.665625 0.1046875 0.196875 0.1796875
18 0.16953125 0.1125 0.190625 0.225
18 0.40625 0.1578125 0.2 0.1265625
18 0.13203125 0.159375 0.1875 0.2359375
18 0.8671875 0.21328125 0.1921875 0.209375
18 0.2625 0.31953125 0.20625 0.1578125
18 0.121875 0.4109375 0.153125 0.328125
18 0.77265625 0.425 0.0875 0.35625
18 0.57734375 0.4375 0.203125 0.4609375
18 0.875 0.5125 0.175 0.1046875
18 0.321875 0.52109375 0.1890625 0.1265625
18 0.090625 0.5375 0.1734375 0.465625
18 0.4625 0.54375 0.1109375 0.296875