4 0.84296875 0.1125 0.1265625 0.1609375
4 0.6265625 0.3640625 0.1390625 0.178125
4 0.46015625 0.440625 0.134375 0.184375
4 0.15546875 0.72734375 0.13125 0.1703125
4 0.37421875 0.9296875 0.13125 0.140625
4 0.72421875 0.48984375 0.1265625 0.1703125
4 0.43125 0.628125 0.1515625 0.1953125
4 0.55 0.74453125 0.14375 0.1796875
4 0.6671875 0.8546875 0.11875 0.1640625
4 0.584375 0.546875 0.1453125 0.1984375
4 0.69375 0.675 0.14375 0.1828125
4 0.83828125 0.590625 0.14375 0.1921875
4 0.9125 0.9078125 0.14375 0.1765625
4 0.94140625 0.7109375 0.1171875 0.1859375
4 0.803125 0.7765625 0.134375 0.16875