4 0.15703125 0.1125 0.1265625 0.1609375
4 0.3734375 0.3640625 0.1390625 0.178125
4 0.53984375 0.440625 0.1328125 0.184375
4 0.84453125 0.72734375 0.13125 0.1703125
4 0.62578125 0.9296875 0.13125 0.140625
4 0.27578125 0.48984375 0.1265625 0.1703125
4 0.56875 0.628125 0.1515625 0.1953125
4 0.45 0.74453125 0.14375 0.1796875
4 0.3328125 0.8546875 0.11875 0.1640625
4 0.415625 0.546875 0.146875 0.1984375
4 0.30625 0.675 0.1421875 0.1828125
4 0.16171875 0.590625 0.14375 0.1921875
4 0.0875 0.9078125 0.14375 0.1765625
4 0.05859375 0.7109375 0.1171875 0.1859375
4 0.196875 0.7765625 0.134375 0.16875