1 0.38125 0.18984375 0.28359375 0.28125
1 0.64921875 0.19609375 0.396875 0.28828125
1 0.365625 0.44609375 0.29296875 0.2359375
1 0.19375 0.49296875 0.1703125 0.25703125
1 0.70703125 0.5484375 0.2671875 0.21640625
1 0.384375 0.6921875 0.18515625 0.178125
1 0.50703125 0.72734375 0.2671875 0.18984375
1 0.365625 0.84609375 0.196875 0.1734375
1 0.55859375 0.9015625 0.11328125 0.103125
1 0.72734375 0.9390625 0.17578125 0.1078125
1 0.959375 0.78828125 0.0765625 0.0765625
1 0.62890625 0.82109375 0.15859375 0.08203125