0 0.10234375 0.2125 0.1578125 0.175
0 0.43671875 0.27578125 0.2234375 0.21015625
0 0.41640625 0.09609375 0.1265625 0.125
0 0.7390625 0.18984375 0.209375 0.17890625
0 0.06328125 0.61953125 0.1265625 0.16015625
0 0.33671875 0.48671875 0.0484375 0.04375
0 0.403125 0.57421875 0.1 0.17265625
0 0.56953125 0.459375 0.0671875 0.05234375
0 0.6234375 0.55390625 0.075 0.08359375
0 0.865625 0.496875 0.053125 0.07734375
0 0.940625 0.459375 0.08125 0.15234375
0 0.8421875 0.72734375 0.159375 0.125
0 0.5671875 0.721875 0.1875 0.23515625