0 0.096875 0.63984375 0.109375 0.15390625
0 0.16875 0.4375 0.1625 0.14140625
0 0.35 0.54453125 0.14375 0.19765625
0 0.396875 0.73671875 0.05 0.16875
0 0.6515625 0.603125 0.234375 0.36484375
0 0.759375 0.45078125 0.071875 0.13125
0 0.79609375 0.18828125 0.0828125 0.13984375
0 0.73125 0.12734375 0.1375 0.14609375
0 0.4953125 0.17109375 0.109375 0.17109375
0 0.36328125 0.13828125 0.1359375 0.21015625
0 0.10234375 0.096875 0.1296875 0.19375
0 0.06484375 0.23203125 0.0734375 0.13125
0 0.315625 0.31875 0.146875 0.14140625
0 0.5296875 0.053125 0.0625 0.07265625
0 0.5859375 0.26328125 0.103125 0.11484375
0 0.47890625 0.52890625 0.0890625 0.13359375