0 0.1421875 0.465625 0.134375 0.31484375
0 0.2890625 0.790625 0.05625 0.16484375
0 0.5328125 0.678125 0.2 0.28515625
0 0.74453125 0.76328125 0.1265625 0.26484375
0 0.771875 0.49921875 0.078125 0.15234375
0 0.82109375 0.30859375 0.1265625 0.09609375
0 0.3328125 0.346875 0.11875 0.15625
0 0.05078125 0.2625 0.1015625 0.10859375
0 0.17421875 0.084375 0.1640625 0.14765625
0 0.4765625 0.16015625 0.146875 0.14140625
0 0.5625 0.08671875 0.046875 0.08515625
0 0.734375 0.16484375 0.15625 0.14140625
0 0.575 0.35703125 0.084375 0.10234375
0 0.2078125 0.2 0.08125 0.09140625