0 0.10078125 0.45703125 0.1515625 0.31875
0 0.23671875 0.79140625 0.0328125 0.17890625
0 0.44765625 0.64453125 0.2296875 0.18984375
0 0.63671875 0.81328125 0.1515625 0.24375
0 0.73046875 0.51171875 0.0828125 0.14375
0 0.79609375 0.3 0.0640625 0.1375
0 0.6890625 0.16484375 0.134375 0.14609375
0 0.41015625 0.153125 0.1453125 0.14375
0 0.02109375 0.31875 0.0421875 0.1375
0 0.25234375 0.36875 0.1015625 0.175
0 0.52578125 0.09765625 0.0453125 0.08359375
0 0.50078125 0.41796875 0.0765625 0.08515625
0 0.14296875 0.27578125 0.0640625 0.06484375