0 0.2875 0.79921875 0.040625 0.17734375
0 0.484375 0.65859375 0.234375 0.2125
0 0.77734375 0.51640625 0.0828125 0.14609375
0 0.03671875 0.36015625 0.0734375 0.14609375
0 0.290625 0.38671875 0.109375 0.18984375
0 0.3609375 0.19921875 0.140625 0.18984375
0 0.7140625 0.153125 0.140625 0.13984375
0 0.83125 0.28515625 0.146875 0.08359375
0 0.52890625 0.39765625 0.0953125 0.10859375
0 0.66640625 0.82578125 0.1890625 0.24375
0 0.5625 0.10390625 0.040625 0.08359375
0 0.15703125 0.096875 0.0859375 0.10625
0 0.13671875 0.45078125 0.1296875 0.30625