0 0.0578125 0.47578125 0.115625 0.17734375
0 0.096875 0.64453125 0.125 0.14765625
0 0.47421875 0.53359375 0.0765625 0.14609375
0 0.584375 0.2625 0.0875 0.125
0 0.35703125 0.13828125 0.1484375 0.21875
0 0.10078125 0.09921875 0.1453125 0.19375
0 0.05625 0.23203125 0.078125 0.12265625
0 0.34140625 0.54375 0.1671875 0.1875
0 0.39765625 0.73671875 0.0640625 0.16015625
0 0.64296875 0.609375 0.2203125 0.36015625
0 0.759375 0.45625 0.0875 0.14140625
0 0.7875 0.19140625 0.084375 0.15
0 0.72578125 0.13203125 0.1359375 0.15234375
0 0.49140625 0.17421875 0.1046875 0.17265625
0 0.5296875 0.05625 0.0625 0.06640625
0 0.3109375 0.3125 0.134375 0.15