0 0.0609375 0.34921875 0.115625 0.10234375
0 0.35625 0.41640625 0.13125 0.1625
0 0.14140625 0.13046875 0.1796875 0.26015625
0 0.18515625 0.27421875 0.0890625 0.08515625
0 0.603125 0.4125 0.075 0.10859375
0 0.56953125 0.13046875 0.0453125 0.09375
0 0.49140625 0.20703125 0.1484375 0.14375
0 0.32578125 0.16796875 0.1359375 0.21015625
0 0.75390625 0.19609375 0.1515625 0.14609375
0 0.84375 0.33671875 0.125 0.10234375
0 0.80625 0.53984375 0.06875 0.14609375
0 0.328125 0.63671875 0.18125 0.16015625
0 0.340625 0.87578125 0.06875 0.16015625
0 0.73515625 0.81796875 0.2828125 0.26484375