0 0.07421875 0.44453125 0.1140625 0.06015625
0 0.08984375 0.63515625 0.1421875 0.15859375
0 0.38828125 0.49140625 0.1828125 0.15
0 0.665625 0.48359375 0.08125 0.1375
0 0.8328125 0.38828125 0.16875 0.16875
0 0.775 0.61953125 0.140625 0.15625
0 0.59296875 0.71015625 0.1921875 0.225
0 0.30859375 0.65859375 0.0578125 0.17109375
0 0.4734375 0.26796875 0.240625 0.21875
0 0.30234375 0.084375 0.2078125 0.16875
0 0.0921875 0.103125 0.184375 0.20625
0 0.55 0.08203125 0.0625 0.06875
0 0.775 0.13828125 0.11875 0.26015625