0 0.33125 0.34296875 0.11875 0.17265625
0 0.28984375 0.56796875 0.1828125 0.15625
0 0.2828125 0.79296875 0.0625 0.16875
0 0.6765625 0.78828125 0.28125 0.31875
0 0.77109375 0.50703125 0.0828125 0.15234375
0 0.8203125 0.31484375 0.13125 0.1
0 0.7390625 0.17421875 0.153125 0.13984375
0 0.48125 0.165625 0.153125 0.15234375
0 0.553125 0.09609375 0.04375 0.07890625
0 0.1265625 0.090625 0.178125 0.18125
0 0.05078125 0.2625 0.1015625 0.10859375
0 0.21640625 0.21171875 0.0734375 0.08984375
0 0.56875 0.36484375 0.084375 0.10390625