0 0.04609375 0.575 0.0921875 0.18359375
0 0.10078125 0.76171875 0.1484375 0.14765625
0 0.49765625 0.60390625 0.1078125 0.15
0 0.5875 0.37265625 0.084375 0.1625
0 0.05390625 0.34765625 0.1078125 0.11640625
0 0.3453125 0.41015625 0.1375 0.15
0 0.1359375 0.13125 0.1625 0.2625
0 0.3140625 0.17265625 0.134375 0.2125
0 0.48515625 0.20625 0.1484375 0.13359375
0 0.55546875 0.12734375 0.0421875 0.075
0 0.7453125 0.18359375 0.14375 0.13359375
0 0.83203125 0.31640625 0.1265625 0.1
0 0.79296875 0.52265625 0.0734375 0.15390625
0 0.31953125 0.63125 0.1890625 0.15390625
0 0.33203125 0.86875 0.0640625 0.15859375
0 0.72421875 0.81171875 0.2796875 0.28984375