0 0.07578125 0.44453125 0.1109375 0.06484375
0 0.31171875 0.65625 0.0671875 0.16640625
0 0.08984375 0.6375 0.1359375 0.15859375
0 0.59453125 0.7125 0.1859375 0.2375
0 0.7734375 0.62421875 0.128125 0.14765625
0 0.8234375 0.38359375 0.171875 0.15859375
0 0.65859375 0.49140625 0.1015625 0.11640625
0 0.7890625 0.165625 0.221875 0.16875
0 0.47109375 0.27109375 0.2296875 0.225
0 0.54609375 0.08515625 0.0734375 0.075
0 0.35625 0.05703125 0.153125 0.1140625
0 0.378125 0.49453125 0.171875 0.14765625
0 0.0984375 0.10390625 0.196875 0.2078125