0 0.10703125 0.253125 0.2140625 0.23984375
0 0.06640625 0.615625 0.1328125 0.14375
0 0.34375 0.475 0.04375 0.04609375
0 0.40625 0.57265625 0.090625 0.16640625
0 0.57265625 0.4625 0.0484375 0.0625
0 0.62578125 0.55546875 0.0921875 0.11015625
0 0.94609375 0.46953125 0.0765625 0.10234375
0 0.86484375 0.49765625 0.0609375 0.08359375
0 0.82265625 0.721875 0.1609375 0.16875
0 0.56953125 0.72578125 0.1890625 0.25234375
0 0.43984375 0.27109375 0.2203125 0.22109375
0 0.7359375 0.184375 0.196875 0.18984375
0 0.41796875 0.096875 0.1359375 0.11015625