0 0.0265625 0.62265625 0.053125 0.19609375
0 0.421875 0.56796875 0.171875 0.16484375
0 0.6 0.4875 0.109375 0.125
0 0.59765625 0.234375 0.1359375 0.16484375
0 0.57265625 0.08203125 0.0546875 0.08984375
0 0.17578125 0.15859375 0.0984375 0.12890625
0 0.28671875 0.765625 0.0390625 0.17265625
0 0.1515625 0.41953125 0.134375 0.31875
0 0.03828125 0.33046875 0.0765625 0.14765625
0 0.37421875 0.11015625 0.2046875 0.2125
0 0.74140625 0.14765625 0.1390625 0.2125
0 0.6609375 0.81640625 0.190625 0.22890625
0 0.3703125 0.353125 0.2375 0.20234375