0 0.0484375 0.56796875 0.096875 0.19375
0 0.49609375 0.61875 0.0890625 0.175
0 0.58515625 0.37890625 0.0890625 0.14140625
0 0.10078125 0.77421875 0.1359375 0.16015625
0 0.053125 0.35 0.10625 0.11640625
0 0.34921875 0.41015625 0.1265625 0.15859375
0 0.31328125 0.16953125 0.1296875 0.21015625
0 0.48359375 0.20859375 0.1328125 0.14140625
0 0.5546875 0.121875 0.0375 0.06484375
0 0.7421875 0.18828125 0.146875 0.13515625
0 0.83515625 0.32109375 0.1203125 0.10859375
0 0.796875 0.52109375 0.071875 0.15
0 0.13125 0.1375 0.16875 0.275
0 0.334375 0.87265625 0.065625 0.16640625
0 0.321875 0.63125 0.184375 0.15859375
0 0.7203125 0.81640625 0.275 0.2875