0 0.01875 0.628125 0.0375 0.19375
0 0.41015625 0.54921875 0.1671875 0.17265625
0 0.5875 0.47265625 0.10625 0.11640625
0 0.5921875 0.225 0.15625 0.17109375
0 0.5625 0.07421875 0.06875 0.06015625
0 0.16171875 0.16015625 0.0953125 0.11640625
0 0.03671875 0.32890625 0.0703125 0.14140625
0 0.1421875 0.41484375 0.140625 0.30859375
0 0.2859375 0.36015625 0.103125 0.18359375
0 0.36015625 0.16953125 0.1328125 0.18984375
0 0.81015625 0.2375 0.1296875 0.09140625
0 0.6609375 0.79453125 0.19375 0.23984375
0 0.28046875 0.75703125 0.0453125 0.17265625