7 0.315625 0.22734375 0.33046875 0.10390625
7 0.646875 0.23671875 0.3328125 0.08359375
7 0.8875 0.19140625 0.21328125 0.075
7 0.90546875 0.25078125 0.1828125 0.04765625
7 0.65625 0.30234375 0.32421875 0.07734375
7 0.3265625 0.3015625 0.3328125 0.075
7 0.3328125 0.37265625 0.328125 0.07890625
7 0.68203125 0.37578125 0.3640625 0.0765625
7 0.10625 0.5875 0.2078125 0.13671875
7 0.403125 0.5265625 0.30546875 0.0828125
7 0.33125 0.57578125 0.30234375 0.09375
7 0.31953125 0.67734375 0.3390625 0.08984375
7 0.65625 0.61640625 0.346875 0.09140625
7 0.6578125 0.52734375 0.25 0.07890625
7 0.65390625 0.68203125 0.3296875 0.08125
7 0.85078125 0.90234375 0.290625 0.11640625