7 0.2390625 0.078125 0.328125 0.08515625
7 0.23671875 0.1296875 0.33046875 0.05546875
7 0.5765625 0.1328125 0.31015625 0.05
7 0.303125 0.43515625 0.2578125 0.06171875
7 0.78671875 0.42578125 0.23046875 0.05859375
7 0.7609375 0.33203125 0.215625 0.0625
7 0.75390625 0.375 0.2078125 0.04765625
7 0.2828125 0.58671875 0.29453125 0.0578125
7 0.31171875 0.6609375 0.30859375 0.06015625
7 0.31875 0.721875 0.31015625 0.06640625
7 0.6234375 0.6953125 0.26875 0.07890625
7 0.8796875 0.69375 0.221875 0.08515625
7 0.084375 0.7046875 0.16875 0.1015625
7 0.1 0.94921875 0.2 0.09140625
7 0.85234375 0.90546875 0.26640625 0.0953125
7 0.33828125 0.88046875 0.28359375 0.0828125
7 0.3375 0.940625 0.26015625 0.05390625
7 0.603125 0.928125 0.2640625 0.09140625