7 0.23515625 0.11640625 0.35546875 0.07890625
7 0.578125 0.07265625 0.31953125 0.07890625
7 0.58671875 0.12734375 0.33046875 0.06484375
7 0.87578125 0.125 0.240625 0.06640625
7 0.271875 0.44140625 0.31015625 0.07109375
7 0.57578125 0.43359375 0.26875 0.06875
7 0.31171875 0.70390625 0.303125 0.0875
7 0.3421875 0.62109375 0.2640625 0.0515625
7 0.334375 0.5703125 0.253125 0.05390625
7 0.103125 0.62421875 0.20546875 0.05390625
7 0.58671875 0.596875 0.2859375 0.07421875
7 0.61171875 0.65859375 0.30859375 0.0640625
7 0.6203125 0.71875 0.3078125 0.0671875
7 0.88046875 0.6984375 0.2328125 0.08515625
7 0.8203125 0.59609375 0.1796875 0.0625
7 0.3125 0.9359375 0.290625 0.1015625
7 0.6140625 0.8796875 0.278125 0.06875
7 0.6125 0.9453125 0.26328125 0.0578125
7 0.8734375 0.9359375 0.240625 0.09375
7 0.83984375 0.85859375 0.24140625 0.04765625