7 0.2578125 0.0796875 0.26015625 0.0390625
7 0.21484375 0.12421875 0.34140625 0.07265625
7 0.559375 0.06640625 0.3078125 0.0703125
7 0.56015625 0.13671875 0.328125 0.04765625
7 0.8578125 0.12421875 0.26015625 0.07109375
7 0.2515625 0.434375 0.31015625 0.06796875
7 0.56640625 0.43671875 0.25 0.07109375
7 0.121875 0.54375 0.1828125 0.03671875
7 0.10234375 0.59921875 0.1890625 0.07109375
7 0.1015625 0.66015625 0.203125 0.0328125
7 0.05703125 0.696875 0.1140625 0.03125
7 0.3171875 0.5578125 0.2140625 0.0453125
7 0.31328125 0.6140625 0.23359375 0.03671875
7 0.29921875 0.6828125 0.28359375 0.08671875
7 0.56796875 0.5875 0.2796875 0.0625
7 0.5875 0.65234375 0.296875 0.05234375
7 0.5890625 0.71640625 0.3078125 0.0578125
7 0.86875 0.69609375 0.24453125 0.07890625
7 0.79453125 0.59140625 0.196875 0.0453125
7 0.834375 0.6359375 0.21875 0.0390625
7 0.33359375 0.83125 0.246875 0.06640625
7 0.29921875 0.91953125 0.28359375 0.09375
7 0.58125 0.83671875 0.246875 0.04765625
7 0.58515625 0.88828125 0.278125 0.0515625
7 0.590625 0.9390625 0.2890625 0.0578125
7 0.825 0.85078125 0.221875 0.0515625
7 0.84921875 0.89375 0.23359375 0.04140625
7 0.865625 0.9421875 0.26015625 0.0765625