7 0.40546875 0.10625 0.3328125 0.07890625
7 0.7265625 0.07109375 0.31015625 0.07890625
7 0.73984375 0.128125 0.3140625 0.05546875
7 0.41484375 0.4359375 0.32421875 0.0765625
7 0.71015625 0.4234375 0.3 0.08046875
7 0.14140625 0.71640625 0.278125 0.0703125
7 0.2109375 0.6625 0.26015625 0.0625
7 0.2078125 0.6234375 0.26015625 0.0640625
7 0.446875 0.57734375 0.228125 0.05234375
7 0.45390625 0.61796875 0.253125 0.06015625
7 0.45078125 0.6671875 0.25859375 0.0515625
7 0.446875 0.70625 0.30546875 0.09140625
7 0.721875 0.59140625 0.30546875 0.06640625
7 0.75078125 0.65078125 0.32421875 0.08125
7 0.765625 0.71484375 0.31640625 0.08984375
7 0.459375 0.93515625 0.28046875 0.09921875
7 0.74375 0.88515625 0.25 0.0578125
7 0.734375 0.9359375 0.28046875 0.0765625