7 0.3890625 0.2671875 0.378125 0.0640625
7 0.7546875 0.22109375 0.36328125 0.06640625
7 0.753125 0.27421875 0.3734375 0.05859375
7 0.11171875 0.49921875 0.21875 0.05859375
7 0.375 0.4578125 0.321875 0.0578125
7 0.38125 0.5109375 0.325 0.05546875
7 0.1125 0.409375 0.21015625 0.04765625
7 0.10703125 0.45 0.2140625 0.04140625
7 0.7046875 0.41171875 0.321875 0.05859375
7 0.703125 0.46015625 0.32578125 0.05390625
7 0.73046875 0.51796875 0.359375 0.06015625
7 0.39375 0.671875 0.3140625 0.07265625
7 0.403125 0.72265625 0.2953125 0.0703125
7 0.1390625 0.7578125 0.278125 0.0875
7 0.69921875 0.6265625 0.3109375 0.0625
7 0.7015625 0.67578125 0.30703125 0.0640625
7 0.73359375 0.73515625 0.3484375 0.0875
7 0.128125 0.95703125 0.25546875 0.08046875
7 0.40625 0.95625 0.33203125 0.0765625
7 0.73828125 0.96328125 0.31484375 0.06640625
7 0.72109375 0.9125 0.33984375 0.07265625
7 0.69921875 0.86953125 0.325 0.06796875