7 0.0984375 0.2375 0.196875 0.09140625
7 0.1 0.303125 0.2 0.05546875
7 0.0984375 0.36875 0.18515625 0.075
7 0.3734375 0.1875 0.28515625 0.07890625
7 0.3734375 0.24765625 0.296875 0.0453125
7 0.359375 0.2953125 0.33046875 0.0703125
7 0.36484375 0.36640625 0.34140625 0.07421875
7 0.69375 0.1625 0.31015625 0.07890625
7 0.34609375 0.034375 0.321875 0.05625
7 0.68984375 0.225 0.34140625 0.05390625
7 0.703125 0.2921875 0.34140625 0.08046875
7 0.715625 0.36953125 0.353125 0.0765625
7 0.1109375 0.60546875 0.215625 0.09609375
7 0.15390625 0.51015625 0.253125 0.0875
7 0.11796875 0.6765625 0.22421875 0.0625
7 0.4046875 0.5296875 0.21640625 0.06796875
7 0.40625 0.49140625 0.246875 0.0625
7 0.3828125 0.596875 0.3046875 0.08046875
7 0.3796875 0.66640625 0.31640625 0.0875
7 0.675 0.5046875 0.29375 0.0890625
7 0.7 0.58984375 0.321875 0.08984375
7 0.703125 0.6671875 0.328125 0.0640625
7 0.7171875 0.89765625 0.41953125 0.2
7 0.3828125 0.86875 0.26015625 0.15
7 0.3953125 0.77578125 0.23515625 0.0515625
7 0.64375 0.784375 0.25 0.06015625