7 0.25546875 0.075 0.31171875 0.08515625
7 0.25625 0.1359375 0.31328125 0.05546875
7 0.5796875 0.13359375 0.29765625 0.07109375
7 0.76484375 0.3359375 0.2125 0.04765625
7 0.7546875 0.38125 0.215625 0.0453125
7 0.7796875 0.4296875 0.253125 0.04296875
7 0.3125 0.44140625 0.271875 0.0671875
7 0.0921875 0.57734375 0.184375 0.0546875
7 0.09453125 0.63046875 0.1890625 0.05546875
7 0.09453125 0.7046875 0.1875 0.096875
7 0.296875 0.5984375 0.296875 0.0578125
7 0.32109375 0.659375 0.31171875 0.06171875
7 0.328125 0.725 0.30078125 0.0578125
7 0.571875 0.59375 0.209375 0.05078125
7 0.596875 0.646875 0.24296875 0.05390625
7 0.63671875 0.7 0.290625 0.0765625
7 0.76171875 0.590625 0.16796875 0.0390625
7 0.809375 0.6375 0.23046875 0.05234375
7 0.88671875 0.69609375 0.21640625 0.0796875
7 0.81875 0.834375 0.240625 0.06171875
7 0.859375 0.90703125 0.26875 0.09140625
7 0.6046875 0.85 0.221875 0.0515625
7 0.61875 0.92109375 0.26484375 0.09921875
7 0.35078125 0.8765625 0.27421875 0.0796875
7 0.34453125 0.94375 0.27578125 0.06328125
7 0.115625 0.853125 0.228125 0.06640625
7 0.1015625 0.94140625 0.2015625 0.09296875