7 0.353125 0.04921875 0.3046875 0.078125
7 0.7171875 0.07109375 0.37578125 0.08359375
7 0.31484375 0.19140625 0.359375 0.10390625
7 0.3078125 0.2640625 0.35625 0.09296875
7 0.3125 0.340625 0.3515625 0.0953125
7 0.30546875 0.403125 0.34765625 0.07890625
7 0.72421875 0.33125 0.165625 0.06171875
7 0.7140625 0.38125 0.190625 0.0421875
7 0.70234375 0.4296875 0.2046875 0.04375
7 0.746875 0.58203125 0.2984375 0.08515625
7 0.75 0.6421875 0.2953125 0.06953125
7 0.78046875 0.725 0.34609375 0.1078125
7 0.45546875 0.55859375 0.2921875 0.078125
7 0.453125 0.62734375 0.296875 0.07578125
7 0.446875 0.6921875 0.28828125 0.06015625
7 0.1078125 0.0484375 0.20859375 0.06328125
7 0.21484375 0.88203125 0.18828125 0.17109375
7 0.503125 0.8421875 0.2890625 0.08515625
7 0.42734375 0.89140625 0.28671875 0.05
7 0.7359375 0.934375 0.33359375 0.0828125
7 0.428125 0.9421875 0.29140625 0.05234375
7 0.08125 0.67734375 0.1625 0.0609375
7 0.0765625 0.61328125 0.146875 0.0671875