7 0.6890625 0.10703125 0.328125 0.08515625
7 0.68671875 0.18046875 0.3359375 0.07109375
7 0.37421875 0.1375 0.278125 0.07890625
7 0.109375 0.18671875 0.2140625 0.08359375
7 0.09375 0.25703125 0.17734375 0.0640625
7 0.0984375 0.3265625 0.196875 0.075
7 0.36953125 0.19296875 0.27421875 0.04609375
7 0.3578125 0.24765625 0.34453125 0.0875
7 0.365625 0.3234375 0.3390625 0.08046875
7 0.7265625 0.2375 0.36015625 0.09140625
7 0.73046875 0.31640625 0.3546875 0.07890625
7 0.1328125 0.47734375 0.25 0.07734375
7 0.1125 0.5640625 0.21875 0.0953125
7 0.3875 0.5640625 0.31875 0.0875
7 0.403125 0.4984375 0.26953125 0.04375
7 0.68125 0.4671875 0.29140625 0.08046875
7 0.709375 0.55625 0.31875 0.0890625
7 0.7109375 0.61875 0.31015625 0.07421875
7 0.38359375 0.63125 0.31640625 0.0625
7 0.7125 0.85625 0.41328125 0.1875
7 0.3875 0.83671875 0.26328125 0.10859375