7 0.21015625 0.22578125 0.3140625 0.08125
7 0.78515625 0.2046875 0.33046875 0.1015625
7 0.5046875 0.4546875 0.23515625 0.05546875
7 0.84453125 0.4640625 0.29921875 0.07421875
7 0.82265625 0.53671875 0.321875 0.07109375
7 0.82734375 0.60390625 0.34140625 0.0953125
7 0.828125 0.70546875 0.31640625 0.14765625
7 0.5671875 0.70078125 0.2 0.1765625
7 0.48984375 0.58515625 0.29453125 0.04921875
7 0.4953125 0.5171875 0.33359375 0.0515625
7 0.18671875 0.60703125 0.3328125 0.1015625
7 0.190625 0.7140625 0.353125 0.07421875
7 0.490625 0.9625 0.37421875 0.0625
7 0.84921875 0.96171875 0.29140625 0.06015625
7 0.15 0.9453125 0.27734375 0.0703125