7 0.3515625 0.31171875 0.203125 0.04765625
7 0.321875 0.3546875 0.26015625 0.0390625
7 0.746875 0.28828125 0.21640625 0.06796875
7 0.81015625 0.3515625 0.25 0.0328125
7 0.796875 0.4546875 0.25546875 0.0515625
7 0.55625 0.45703125 0.18515625 0.04375
7 0.34375 0.55 0.26640625 0.05390625
7 0.340625 0.6046875 0.28046875 0.0515625
7 0.553125 0.50078125 0.21953125 0.0515625
7 0.56484375 0.54140625 0.196875 0.05390625
7 0.78984375 0.50703125 0.24140625 0.0515625
7 0.78828125 0.5421875 0.25546875 0.06875
7 0.80078125 0.60546875 0.290625 0.07109375
7 0.5546875 0.70546875 0.21640625 0.04765625
7 0.31484375 0.7625 0.246875 0.0625
7 0.33671875 0.7140625 0.20859375 0.0328125
7 0.290625 0.840625 0.26640625 0.08515625
7 0.77265625 0.70546875 0.20859375 0.04609375
7 0.553125 0.73828125 0.21953125 0.04765625
7 0.5625 0.79609375 0.26875 0.05234375
7 0.55703125 0.85625 0.271875 0.06640625
7 0.8171875 0.790625 0.2640625 0.07265625
7 0.8265625 0.85078125 0.26015625 0.0640625