7 0.13671875 0.1625 0.25859375 0.075
7 0.4296875 0.1765625 0.31640625 0.0828125
7 0.7640625 0.16640625 0.33515625 0.0828125
7 0.42734375 0.24453125 0.31640625 0.06015625
7 0.76640625 0.24296875 0.3546875 0.07265625
7 0.471875 0.3125 0.40546875 0.07890625
7 0.4734375 0.39375 0.390625 0.07890625
7 0.8296875 0.315625 0.321875 0.08515625
7 0.83125 0.39375 0.32421875 0.075
7 0.74375 0.5390625 0.321875 0.0828125
7 0.77890625 0.91328125 0.425 0.16015625
7 0.41171875 0.92265625 0.30859375 0.14140625
7 0.8 0.634375 0.33515625 0.08515625
7 0.7953125 0.69375 0.31953125 0.0625
7 0.46328125 0.72421875 0.33359375 0.07109375
7 0.46171875 0.6375 0.353125 0.09921875
7 0.4359375 0.5671875 0.29375 0.04296875
7 0.14453125 0.6609375 0.2890625 0.0890625
7 0.1453125 0.74140625 0.28515625 0.06640625
7 0.146875 0.54453125 0.2828125 0.0890625