7 0.45859375 0.25546875 0.2390625 0.07109375
7 0.08359375 0.27890625 0.16640625 0.0578125
7 0.74609375 0.2796875 0.303125 0.06484375
7 0.778125 0.321875 0.2890625 0.03671875
7 0.4625 0.3234375 0.26953125 0.04765625
7 0.2375 0.4859375 0.24140625 0.0515625
7 0.2359375 0.534375 0.2390625 0.03828125
7 0.4828125 0.43671875 0.26015625 0.06015625
7 0.484375 0.4890625 0.246875 0.05703125
7 0.47890625 0.54296875 0.246875 0.0453125
7 0.45 0.60390625 0.31015625 0.07109375
7 0.7890625 0.421875 0.321875 0.06640625
7 0.78359375 0.4875 0.33359375 0.06015625
7 0.784375 0.55546875 0.33515625 0.05390625
7 0.7875 0.6078125 0.33515625 0.05703125
7 0.1859375 0.871875 0.3 0.06640625
7 0.4734375 0.79609375 0.28515625 0.07265625
7 0.471875 0.86953125 0.278125 0.06484375
7 0.1875 0.7953125 0.28515625 0.0875
7 0.8734375 0.7328125 0.24140625 0.07890625
7 0.875 0.80546875 0.2390625 0.0625
7 0.875 0.8609375 0.2390625 0.04921875