7 0.28515625 0.09453125 0.2640625 0.04375
7 0.24375 0.12734375 0.346875 0.075
7 0.57265625 0.07890625 0.31015625 0.075
7 0.57265625 0.1328125 0.328125 0.0578125
7 0.8671875 0.1296875 0.25546875 0.0640625
7 0.27578125 0.4359375 0.30546875 0.07265625
7 0.5828125 0.43671875 0.275 0.06484375
7 0.13984375 0.54296875 0.2 0.05234375
7 0.11171875 0.6015625 0.22265625 0.07421875
7 0.1125 0.65625 0.225 0.059375
7 0.07109375 0.69296875 0.13515625 0.08125
7 0.33515625 0.56796875 0.225 0.04765625
7 0.33984375 0.61015625 0.23359375 0.0578125
7 0.31015625 0.696875 0.29140625 0.07734375
7 0.575 0.58984375 0.2828125 0.075
7 0.5953125 0.6546875 0.3 0.0640625
7 0.6046875 0.7125 0.296875 0.07109375
7 0.8171875 0.59140625 0.1890625 0.05
7 0.84765625 0.65625 0.2390625 0.06640625
7 0.87578125 0.69921875 0.2390625 0.08515625
7 0.1171875 0.8296875 0.221875 0.0640625
7 0.34921875 0.83203125 0.246875 0.07734375
7 0.30703125 0.925 0.2796875 0.0953125
7 0.60078125 0.87265625 0.26640625 0.09140625
7 0.59765625 0.93046875 0.271875 0.07265625
7 0.8328125 0.846875 0.20859375 0.0515625
7 0.85 0.88671875 0.2328125 0.05625
7 0.86015625 0.94375 0.2640625 0.09140625
7 0.596875 0.82421875 0.24140625 0.03125