7 0.059375 0.16171875 0.07578125 0.13828125
7 0.22890625 0.15859375 0.2671875 0.06484375
7 0.22265625 0.209375 0.25390625 0.04765625
7 0.4890625 0.17890625 0.2109375 0.04140625
7 0.47265625 0.2109375 0.25078125 0.04921875
7 0.72890625 0.16640625 0.25625 0.0671875
7 0.73046875 0.2140625 0.253125 0.0453125
7 0.72109375 0.446875 0.2140625 0.04609375
7 0.4875 0.44921875 0.2375 0.05390625
7 0.15625 0.39609375 0.11015625 0.14453125
7 0.05 0.39609375 0.084375 0.15546875
7 0.0453125 0.59140625 0.08671875 0.15234375
7 0.1359375 0.59140625 0.10078125 0.15859375
7 0.24296875 0.6609375 0.2359375 0.0703125
7 0.309375 0.59609375 0.203125 0.046875
7 0.3421875 0.54375 0.16640625 0.0390625
7 0.50703125 0.65625 0.234375 0.0765625
7 0.51875 0.59765625 0.20859375 0.0453125
7 0.5140625 0.55390625 0.19609375 0.04296875
7 0.72578125 0.575 0.24296875 0.0609375
7 0.74609375 0.62734375 0.24140625 0.0578125
7 0.75 0.67109375 0.24765625 0.0703125
7 0.915625 0.584375 0.1484375 0.0390625
7 0.0359375 0.79609375 0.071875 0.13515625
7 0.11953125 0.79921875 0.11875 0.13359375
7 0.521875 0.78515625 0.20703125 0.06015625
7 0.503125 0.85625 0.23046875 0.07265625
7 0.74375 0.8171875 0.234375 0.06953125
7 0.73984375 0.86171875 0.2296875 0.05703125
7 0.31171875 0.78828125 0.19921875 0.04453125
7 0.9203125 0.8578125 0.153125 0.08359375
7 0.11953125 0.965625 0.23671875 0.065625