7 0.0609375 0.16875 0.06640625 0.13671875
7 0.0625 0.39609375 0.0796875 0.15234375
7 0.1609375 0.4 0.09453125 0.15390625
7 0.228125 0.15859375 0.24453125 0.05234375
7 0.21796875 0.21015625 0.23046875 0.0453125
7 0.46796875 0.209375 0.253125 0.04375
7 0.72890625 0.21328125 0.2578125 0.04296875
7 0.7234375 0.17578125 0.23515625 0.06015625
7 0.47890625 0.45 0.23515625 0.04140625
7 0.71875 0.4484375 0.221875 0.0515625
7 0.13984375 0.59609375 0.08515625 0.14296875
7 0.05390625 0.58984375 0.103125 0.16015625
7 0.5 0.66015625 0.2328125 0.05859375
7 0.73046875 0.5828125 0.2390625 0.05390625
7 0.75 0.625 0.2328125 0.04765625
7 0.75546875 0.6765625 0.23359375 0.0453125
7 0.3125 0.6015625 0.2078125 0.04140625
7 0.496875 0.8546875 0.24375 0.06796875
7 0.121875 0.79765625 0.121875 0.13359375
7 0.73984375 0.8046875 0.2296875 0.0640625
7 0.11875 0.965625 0.2375 0.059375