7 0.20859375 0.2109375 0.37421875 0.06875
7 0.203125 0.259375 0.378125 0.05546875
7 0.575 0.2625 0.36640625 0.04921875
7 0.26953125 0.50546875 0.33359375 0.06015625
7 0.22421875 0.6453125 0.36953125 0.0625
7 0.5984375 0.65703125 0.278125 0.0515625
7 0.2421875 0.69765625 0.3734375 0.0578125
7 0.62890625 0.7484375 0.36171875 0.08046875
7 0.890625 0.765625 0.21015625 0.08125
7 0.24609375 0.75625 0.38046875 0.07421875
7 0.58046875 0.96640625 0.33359375 0.0625
7 0.24921875 0.96328125 0.32109375 0.06796875
7 0.26953125 0.91015625 0.346875 0.07421875
7 0.87578125 0.96484375 0.23984375 0.06484375