7 0.18046875 0.2 0.18359375 0.05390625
7 0.17734375 0.25234375 0.171875 0.05
7 0.175 0.290625 0.16015625 0.02734375
7 0.421875 0.13828125 0.221875 0.03515625
7 0.421875 0.16328125 0.25 0.03125
7 0.40546875 0.20703125 0.31015625 0.0765625
7 0.3984375 0.26875 0.31953125 0.0625
7 0.7625 0.11171875 0.4140625 0.12265625
7 0.76640625 0.1875 0.40546875 0.11171875
7 0.7625 0.259375 0.396875 0.09375
7 0.146875 0.38828125 0.271875 0.05625
7 0.41796875 0.3875 0.25859375 0.05390625
7 0.721875 0.38125 0.321875 0.07109375
7 0.14140625 0.44375 0.2828125 0.06875
7 0.14140625 0.50625 0.271875 0.08359375
7 0.125 0.58671875 0.25 0.09765625
7 0.41484375 0.440625 0.26875 0.05625
7 0.396875 0.51328125 0.3390625 0.0890625
7 0.7125 0.44375 0.31953125 0.07109375
7 0.75234375 0.51953125 0.36015625 0.08125
7 0.40390625 0.5921875 0.3359375 0.06796875
7 0.75546875 0.59140625 0.34921875 0.0703125
7 0.19609375 0.69921875 0.2140625 0.07265625
7 0.15390625 0.74296875 0.26875 0.08515625
7 0.13046875 0.8015625 0.25546875 0.1078125
7 0.13046875 0.87734375 0.25546875 0.06640625
7 0.43203125 0.70078125 0.24140625 0.0390625
7 0.4375 0.72421875 0.2640625 0.04375
7 0.421875 0.75390625 0.271875 0.04140625
7 0.41640625 0.78203125 0.30546875 0.03125
7 0.415625 0.815625 0.3140625 0.07734375
7 0.4125 0.87265625 0.3078125 0.075
7 0.71484375 0.71953125 0.290625 0.0640625
7 0.725 0.775 0.2890625 0.04140625
7 0.73828125 0.81875 0.321875 0.07890625
7 0.73984375 0.878125 0.31875 0.06484375