7 0.34921875 0.21875 0.328125 0.09921875
7 0.34921875 0.30390625 0.328125 0.07890625
7 0.35703125 0.371875 0.3140625 0.07265625
7 0.68515625 0.23828125 0.328125 0.08046875
7 0.6796875 0.30859375 0.321875 0.06640625
7 0.71015625 0.3796875 0.38359375 0.0765625
7 0.42734375 0.53046875 0.29921875 0.0703125
7 0.35703125 0.575 0.29921875 0.09765625
7 0.3421875 0.67890625 0.33515625 0.09609375
7 0.6796875 0.61796875 0.34453125 0.09140625
7 0.6796875 0.68984375 0.3390625 0.07265625
7 0.86875 0.88671875 0.2546875 0.15390625