7 0.2125 0.06171875 0.325 0.08359375
7 0.21640625 0.1203125 0.321875 0.06171875
7 0.553125 0.12421875 0.31640625 0.05859375
7 0.27890625 0.4296875 0.28046875 0.06796875
7 0.7734375 0.425 0.22421875 0.05390625
7 0.74140625 0.32890625 0.21640625 0.04921875
7 0.740625 0.36796875 0.21953125 0.03515625
7 0.2703125 0.603125 0.31875 0.0671875
7 0.284375 0.6578125 0.3078125 0.0640625
7 0.2984375 0.7140625 0.296875 0.06796875
7 0.609375 0.6921875 0.26875 0.07421875
7 0.871875 0.69140625 0.2328125 0.07734375
7 0.5484375 0.58828125 0.196875 0.04609375
7 0.8375 0.90234375 0.26953125 0.09765625
7 0.575 0.92421875 0.24921875 0.0875
7 0.3125 0.8828125 0.29140625 0.07890625