7 0.15859375 0.159375 0.31640625 0.22265625
7 0.5234375 0.134375 0.603125 0.24375
7 0.86328125 0.06640625 0.26015625 0.12890625
7 0.8765625 0.25546875 0.24140625 0.13515625
7 0.48203125 0.23671875 0.5640625 0.11875
7 0.47890625 0.31875 0.675 0.0875
7 0.48046875 0.41875 0.76015625 0.14609375
7 0.478125 0.53046875 0.671875 0.10625
7 0.79140625 0.69296875 0.3828125 0.12265625
7 0.3890625 0.87421875 0.4890625 0.24375
7 0.3890625 0.659375 0.39453125 0.04375
7 0.3875 0.6984375 0.38515625 0.0515625
7 0.09453125 0.65703125 0.1890625 0.04296875
7 0.103125 0.690625 0.2 0.04375