7 0.45 0.2140625 0.315625 0.1078125
7 0.77265625 0.17265625 0.275 0.0703125
7 0.771875 0.24140625 0.31640625 0.0703125
7 0.46171875 0.30390625 0.33046875 0.0703125
7 0.4515625 0.36953125 0.3328125 0.08046875
7 0.7609375 0.3 0.315625 0.07890625
7 0.8015625 0.37734375 0.36015625 0.09140625
7 0.23125 0.571875 0.1140625 0.11015625
7 0.46328125 0.67265625 0.29375 0.0953125
7 0.45 0.58671875 0.315625 0.08515625
7 0.51640625 0.5234375 0.3046875 0.0890625
7 0.75234375 0.52265625 0.26640625 0.0828125
7 0.77578125 0.60703125 0.33046875 0.09375
7 0.78359375 0.671875 0.346875 0.08125