7 0.4859375 0.2328125 0.3328125 0.075
7 0.49296875 0.30234375 0.3140625 0.06484375
7 0.165625 0.30703125 0.325 0.07265625
7 0.175 0.371875 0.31640625 0.06796875
7 0.51328125 0.37265625 0.36015625 0.075
7 0.825 0.30078125 0.3390625 0.07265625
7 0.8359375 0.375 0.3046875 0.07421875
7 0.7875 0.18359375 0.2796875 0.07734375
7 0.2640625 0.52890625 0.321875 0.0828125
7 0.18125 0.58515625 0.290625 0.075
7 0.16875 0.67265625 0.3375 0.0953125
7 0.496875 0.61171875 0.3390625 0.08515625
7 0.50078125 0.68515625 0.3296875 0.06640625
7 0.821875 0.68203125 0.30546875 0.06015625
7 0.81640625 0.60625 0.321875 0.0875
7 0.79140625 0.5671875 0.3390625 0.0765625
7 0.740625 0.8546875 0.3140625 0.16796875