7 0.225 0.25625 0.2328125 0.07890625
7 0.16796875 0.31953125 0.25859375 0.03515625
7 0.45234375 0.26953125 0.29375 0.06015625
7 0.46796875 0.3203125 0.2859375 0.04921875
7 0.703125 0.24140625 0.21640625 0.06640625
7 0.759375 0.27265625 0.296875 0.07890625
7 0.796875 0.309375 0.34375 0.06875
7 0.1859375 0.43125 0.21640625 0.05859375
7 0.171875 0.4875 0.221875 0.05859375
7 0.1765625 0.534375 0.2140625 0.0515625
7 0.134375 0.59765625 0.2578125 0.07421875
7 0.43046875 0.41875 0.321875 0.07109375
7 0.43046875 0.4859375 0.3109375 0.0640625
7 0.43359375 0.55 0.31640625 0.0703125
7 0.42890625 0.61015625 0.32421875 0.07109375
7 0.80546875 0.47734375 0.1390625 0.05390625
7 0.8 0.5234375 0.15 0.0515625
7 0.7984375 0.56875 0.1578125 0.0453125
7 0.1828125 0.73125 0.2046875 0.05
7 0.15 0.78515625 0.271875 0.07890625
7 0.15703125 0.85 0.28046875 0.075
7 0.565625 0.73203125 0.28046875 0.07734375
7 0.56640625 0.80625 0.28359375 0.06640625
7 0.56796875 0.859375 0.290625 0.06015625
7 0.8453125 0.74609375 0.290625 0.0875
7 0.853125 0.8078125 0.2890625 0.06640625
7 0.859375 0.896875 0.275 0.11015625