7 0.23203125 0.2828125 0.36171875 0.0578125
7 0.9046875 0.284375 0.18125 0.06015625
7 0.59140625 0.42734375 0.259375 0.05234375
7 0.57578125 0.46953125 0.2546875 0.0390625
7 0.59765625 0.5140625 0.284375 0.0453125
7 0.8765625 0.47421875 0.2359375 0.053125
7 0.878125 0.52734375 0.23046875 0.0546875
7 0.6046875 0.71875 0.29609375 0.05078125
7 0.87734375 0.68984375 0.23828125 0.07109375
7 0.671875 0.77578125 0.3484375 0.07265625
7 0.315625 0.66484375 0.28671875 0.05078125
7 0.30625 0.72890625 0.32109375 0.05078125
7 0.31328125 0.77265625 0.35 0.06484375
7 0.6140625 0.91875 0.29453125 0.0625
7 0.6265625 0.96640625 0.340625 0.06171875
7 0.89453125 0.9625 0.20390625 0.06796875
7 0.29375 0.9703125 0.32109375 0.05390625
7 0.31640625 0.93359375 0.29921875 0.07109375