7 0.33125 0.3453125 0.26953125 0.0328125
7 0.775 0.28125 0.221875 0.0625
7 0.3734375 0.30546875 0.18515625 0.04609375
7 0.3625 0.5515625 0.26875 0.0578125
7 0.35546875 0.60703125 0.2828125 0.06484375
7 0.828125 0.61171875 0.28515625 0.07890625
7 0.57265625 0.5015625 0.20859375 0.05390625
7 0.81640625 0.50546875 0.25 0.05
7 0.815625 0.54609375 0.26015625 0.0515625
7 0.30703125 0.840625 0.271875 0.0796875
7 0.3328125 0.75546875 0.26015625 0.06796875
7 0.58046875 0.78671875 0.2546875 0.06015625
7 0.57421875 0.85078125 0.2609375 0.06640625
7 0.846875 0.859375 0.278125 0.0640625
7 0.83984375 0.79296875 0.26875 0.06796875
7 0.5625 0.74453125 0.21328125 0.05