7 0.3203125 0.115625 0.48515625 0.15625
7 0.784375 0.13515625 0.425 0.125
7 0.77109375 0.040625 0.44921875 0.08125
7 0.3234375 0.75859375 0.33515625 0.18984375
7 0.61796875 0.6109375 0.2796875 0.1265625
7 0.88046875 0.6859375 0.2328125 0.19296875
7 0.6796875 0.2890625 0.29453125 0.06640625
7 0.68984375 0.3359375 0.328125 0.06484375
7 0.715625 0.4140625 0.35234375 0.11171875
7 0.70625 0.484375 0.36171875 0.0796875
7 0.35 0.40390625 0.3828125 0.128125
7 0.346875 0.4875 0.36953125 0.07734375
7 0.134375 0.29921875 0.265625 0.09609375