7 0.2578125 0.0875 0.27578125 0.05234375
7 0.21328125 0.121875 0.35625 0.07421875
7 0.55546875 0.0734375 0.315625 0.08359375
7 0.5578125 0.13359375 0.321875 0.05859375
7 0.8578125 0.128125 0.27734375 0.06484375
7 0.24609375 0.4421875 0.3078125 0.07109375
7 0.56328125 0.4328125 0.26015625 0.06640625
7 0.1 0.6125 0.1984375 0.06640625
7 0.315625 0.5703125 0.23359375 0.0515625
7 0.3234375 0.61875 0.24140625 0.04921875
7 0.29375 0.703125 0.29375 0.08671875
7 0.58671875 0.65859375 0.2921875 0.07265625
7 0.5640625 0.59296875 0.28671875 0.06484375
7 0.59609375 0.7140625 0.29375 0.06640625
7 0.803125 0.5921875 0.18359375 0.04609375
7 0.86875 0.69609375 0.25625 0.08515625
7 0.33203125 0.84140625 0.25625 0.06953125
7 0.296875 0.93125 0.2828125 0.09921875
7 0.5890625 0.8765625 0.2671875 0.07890625
7 0.59140625 0.9359375 0.271875 0.0578125
7 0.8546875 0.934375 0.265625 0.10078125
7 0.8296875 0.8609375 0.225 0.04140625