7 0.76953125 0.18125 0.39296875 0.0625
7 0.765625 0.22734375 0.39140625 0.05234375
7 0.36953125 0.23359375 0.346875 0.04140625
7 0.40234375 0.496875 0.33984375 0.06015625
7 0.78828125 0.5 0.33359375 0.0625
7 0.4140625 0.73046875 0.33203125 0.0828125
7 0.7546875 0.6546875 0.36328125 0.06796875
7 0.76953125 0.7140625 0.36953125 0.06640625
7 0.78046875 0.77421875 0.378125 0.0875
7 0.0390625 0.4328125 0.078125 0.1625
7 0.121875 0.7015625 0.24375 0.07421875
7 0.39921875 0.946875 0.325 0.09140625
7 0.77578125 0.9359375 0.359375 0.09765625