7 0.4015625 0.21171875 0.35078125 0.06015625
7 0.39609375 0.26171875 0.3546875 0.04765625
7 0.7640625 0.26015625 0.3734375 0.06171875
7 0.43828125 0.50546875 0.3296875 0.06015625
7 0.13125 0.72578125 0.2484375 0.0890625
7 0.15703125 0.86171875 0.3140625 0.08515625
7 0.40234375 0.6421875 0.33984375 0.06796875
7 0.7640625 0.6625 0.2765625 0.05390625
7 0.41796875 0.69765625 0.33359375 0.0578125
7 0.41953125 0.7625 0.37421875 0.06640625
7 0.80078125 0.7640625 0.359375 0.0875
7 0.12578125 0.9359375 0.25078125 0.09375
7 0.43125 0.90390625 0.35078125 0.09921875
7 0.76171875 0.9390625 0.31875 0.0875
7 0.42421875 0.96640625 0.3296875 0.0625