7 0.4203125 0.203125 0.31953125 0.06796875
7 0.4234375 0.2671875 0.33515625 0.08046875
7 0.7890625 0.1 0.4078125 0.09921875
7 0.778125 0.1828125 0.4140625 0.0625
7 0.7828125 0.25703125 0.41640625 0.1015625
7 0.1484375 0.43984375 0.290625 0.07734375
7 0.14296875 0.50703125 0.27421875 0.07265625
7 0.146875 0.58515625 0.2828125 0.10390625
7 0.428125 0.43984375 0.30546875 0.06484375
7 0.42421875 0.50703125 0.35546875 0.12265625
7 0.4375 0.59296875 0.36875 0.08515625
7 0.74921875 0.4484375 0.35 0.0765625
7 0.77421875 0.51953125 0.3609375 0.08515625
7 0.7828125 0.60078125 0.34453125 0.07265625
7 0.7421875 0.71015625 0.3140625 0.0828125
7 0.76171875 0.79921875 0.3859375 0.12109375
7 0.77109375 0.8765625 0.3140625 0.0828125
7 0.428125 0.79765625 0.34140625 0.1203125
7 0.43125 0.8765625 0.32421875 0.1203125
7 0.14375 0.80234375 0.2546875 0.07734375
7 0.13984375 0.88046875 0.2640625 0.08515625