5 0.52578125 0.1703125 0.1703125 0.2484375
5 0.55703125 0.26796875 0.2328125 0.109375
5 0.35234375 0.23671875 0.184375 0.15625
5 0.30234375 0.3453125 0.215625 0.1484375
5 0.528125 0.35390625 0.2421875 0.13125
5 0.2953125 0.446875 0.215625 0.1234375
5 0.5328125 0.453125 0.246875 0.13125
5 0.2984375 0.546875 0.228125 0.13125
5 0.53828125 0.54453125 0.2421875 0.13125
5 0.28828125 0.65078125 0.2359375 0.1046875
5 0.5296875 0.65859375 0.2328125 0.09375
5 0.30546875 0.77578125 0.1953125 0.084375
5 0.52109375 0.75234375 0.2296875 0.0890625