5 0.446875 0.19765625 0.1609375 0.246875
5 0.33203125 0.321875 0.23125 0.1265625
5 0.54296875 0.315625 0.203125 0.128125
5 0.3359375 0.41640625 0.2171875 0.121875
5 0.53203125 0.39921875 0.196875 0.15625
5 0.578125 0.51328125 0.25 0.128125
5 0.3390625 0.50703125 0.221875 0.140625
5 0.57890625 0.61484375 0.246875 0.1296875
5 0.34296875 0.60546875 0.23125 0.140625
5 0.575 0.72265625 0.2890625 0.0921875
5 0.35546875 0.74375 0.15 0.071875
5 0.29296875 0.79140625 0.23125 0.109375
5 0.546875 0.83984375 0.2671875 0.096875