5 0.40234375 0.29296875 0.10625 0.1890625
5 0.47265625 0.3734375 0.1703125 0.0796875
5 0.328125 0.3703125 0.128125 0.075
5 0.31171875 0.4953125 0.1453125 0.0765625
5 0.3140625 0.41875 0.1234375 0.1015625
5 0.4640625 0.43125 0.159375 0.078125
5 0.45703125 0.48515625 0.14375 0.0875
5 0.4640625 0.55 0.1390625 0.0828125
5 0.3234375 0.56015625 0.14375 0.0703125
5 0.4890625 0.684375 0.1140625 0.065625
5 0.365625 0.7015625 0.1296875 0.0546875
5 0.33828125 0.63046875 0.14375 0.0625
5 0.48671875 0.61875 0.14375 0.075