1 0.3328125 0.1671875 0.05078125 0.1078125
1 0.21171875 0.35078125 0.06015625 0.12734375
1 0.1421875 0.44375 0.0484375 0.125
1 0.1203125 0.60078125 0.05546875 0.11328125
1 0.271875 0.4953125 0.06015625 0.103125
1 0.32578125 0.446875 0.08203125 0.11328125
1 0.27421875 0.03125 0.02890625 0.0625
1 0.3421875 0.59609375 0.05078125 0.08671875
1 0.37265625 0.61875 0.05078125 0.09140625
1 0.36171875 0.68359375 0.06484375 0.08203125
1 0.4359375 0.7359375 0.0625 0.09140625
1 0.42890625 0.6671875 0.0484375 0.09609375
1 0.478125 0.53984375 0.053125 0.08203125
1 0.73671875 0.8078125 0.05546875 0.10078125
1 0.7640625 0.6734375 0.0484375 0.06484375
1 0.83515625 0.640625 0.04296875 0.10078125
1 0.8453125 0.50390625 0.06953125 0.08671875
1 0.77890625 0.53359375 0.0578125 0.10546875
1 0.7046875 0.49765625 0.053125 0.09375
1 0.68046875 0.4203125 0.05546875 0.0890625
1 0.73671875 0.32421875 0.0625 0.10546875
1 0.7765625 0.06640625 0.05078125 0.0671875
1 0.72734375 0.22734375 0.04296875 0.09375
1 0.646875 0.21640625 0.06484375 0.09375
1 0.63203125 0.36328125 0.053125 0.084375
1 0.57109375 0.28828125 0.06484375 0.084375
1 0.49765625 0.37265625 0.0578125 0.10078125
1 0.446875 0.3953125 0.05546875 0.0890625
1 0.4328125 0.4390625 0.071875 0.09375
1 0.4375 0.521875 0.040625 0.0765625
1 0.3578125 0.28125 0.0484375 0.0984375
1 0.4078125 0.296875 0.06953125 0.12734375
1 0.4046875 0.196875 0.06015625 0.07421875
1 0.46875 0.18984375 0.04296875 0.08671875
1 0.54453125 0.07421875 0.03359375 0.07421875
1 0.62265625 0.115625 0.03828125 0.06953125
1 0.6 0.08984375 0.0359375 0.09140625
1 0.69609375 0.11171875 0.04296875 0.10078125
1 0.6671875 0.1078125 0.02421875 0.084375
1 0.64296875 0.0203125 0.040625 0.03359375