1 0.64453125 0.453125 0.1734375 0.1421875
1 0.87734375 0.46015625 0.115625 0.1515625
1 0.728125 0.64453125 0.16796875 0.1390625
1 0.66484375 0.83515625 0.15390625 0.1515625
1 0.390625 0.7875 0.23046875 0.1828125
1 0.17578125 0.87734375 0.26171875 0.2046875
1 0.1203125 0.6546875 0.21875 0.209375
1 0.31640625 0.5734375 0.228125 0.2046875
1 0.28828125 0.27734375 0.0984375 0.08203125
1 0.19921875 0.2875 0.146875 0.1390625
1 0.16953125 0.19375 0.1734375 0.125
1 0.2953125 0.1546875 0.1609375 0.1421875
1 0.06484375 0.06875 0.1078125 0.0765625
1 0.15390625 0.03359375 0.1078125 0.053125
1 0.515625 0.10234375 0.1421875 0.134375
1 0.7828125 0.18046875 0.1109375 0.125
1 0.8796875 0.22265625 0.165625 0.103125
1 0.921875 0.31640625 0.1203125 0.103125
1 0.946875 0.17578125 0.0984375 0.125
1 0.69140625 0.05546875 0.146875 0.09375
1 0.06875 0.80078125 0.12734375 0.1734375