1 0.61640625 0.1421875 0.10546875 0.1421875
1 0.51953125 0.1390625 0.10546875 0.15390625
1 0.60546875 0.2765625 0.10078125 0.13671875
1 0.5171875 0.3296875 0.0984375 0.17578125
1 0.4171875 0.33671875 0.0984375 0.19453125
1 0.47734375 0.4625 0.0796875 0.1421875
1 0.51953125 0.546875 0.071875 0.115625
1 0.5453125 0.7453125 0.08671875 0.21640625
1 0.77890625 0.66796875 0.13671875 0.16328125
1 0.89765625 0.5921875 0.0984375 0.17578125
1 0.665625 0.63671875 0.071875 0.28359375
1 0.4796875 0.5796875 0.14453125 0.18984375
1 0.63359375 0.4890625 0.07421875 0.14921875
1 0.61171875 0.63125 0.0578125 0.14921875