1 0.28984375 0.1609375 0.1109375 0.04296875
1 0.28984375 0.07578125 0.0765625 0.0453125
1 0.26953125 0.2078125 0.10078125 0.03828125
1 0.24765625 0.25234375 0.125 0.084375
1 0.1890625 0.39921875 0.125 0.053125
1 0.30625 0.3953125 0.134375 0.053125
1 0.525 0.31953125 0.12265625 0.05078125
1 0.88203125 0.28984375 0.11796875 0.06484375
1 0.63203125 0.28125 0.15859375 0.08671875
1 0.146875 0.4734375 0.09140625 0.07421875
1 0.171875 0.69140625 0.11328125 0.0453125
1 0.2984375 0.728125 0.134375 0.09140625
1 0.3234375 0.8265625 0.1296875 0.06484375
1 0.48046875 0.82421875 0.0796875 0.06015625
1 0.72265625 0.8453125 0.0671875 0.05078125
1 0.803125 0.7359375 0.10078125 0.0578125
1 0.696875 0.571875 0.09609375 0.05078125
1 0.6203125 0.48828125 0.0796875 0.053125
1 0.5109375 0.5 0.11328125 0.0671875
1 0.50625 0.4484375 0.084375 0.0453125
1 0.80859375 0.49296875 0.0796875 0.05078125
1 0.80859375 0.55546875 0.07421875 0.02890625
1 0.9046875 0.63125 0.1515625 0.04296875
1 0.853125 0.6546875 0.11328125 0.0453125
1 0.9046875 0.728125 0.04296875 0.05078125
1 0.359375 0.24375 0.0453125 0.0359375