1 0.33671875 0.0640625 0.1421875 0.09140625
1 0.48046875 0.1140625 0.1703125 0.09609375
1 0.7078125 0.14765625 0.14921875 0.0890625
1 0.5796875 0.19453125 0.13203125 0.084375
1 0.32578125 0.165625 0.12734375 0.0984375
1 0.16328125 0.125 0.09375 0.06484375
1 0.12265625 0.18515625 0.09375 0.07421875
1 0.2703125 0.2125 0.1203125 0.0765625
1 0.5171875 0.24375 0.13671875 0.084375
1 0.734375 0.2484375 0.13671875 0.07421875
1 0.890625 0.19921875 0.0984375 0.1078125
1 0.9375 0.265625 0.1109375 0.08203125
1 0.89921875 0.3765625 0.13671875 0.125
1 0.78359375 0.30078125 0.1421875 0.0765625
1 0.61796875 0.3109375 0.12734375 0.103125
1 0.4203125 0.33984375 0.13671875 0.08671875
1 0.28359375 0.30859375 0.16328125 0.06953125
1 0.1265625 0.290625 0.15859375 0.10546875
1 0.09609375 0.38359375 0.09375 0.10546875
1 0.265625 0.4 0.1703125 0.09375
1 0.2046875 0.453125 0.09375 0.0890625
1 0.0765625 0.53125 0.12734375 0.10078125
1 0.1265625 0.56875 0.115625 0.084375
1 0.2484375 0.634375 0.1203125 0.13671875
1 0.3578125 0.51328125 0.1109375 0.0984375
1 0.49140625 0.6109375 0.18515625 0.1078125
1 0.671875 0.6359375 0.16796875 0.1421875
1 0.83671875 0.56875 0.16328125 0.10546875
1 0.734375 0.46171875 0.18046875 0.1390625
1 0.5328125 0.47265625 0.16796875 0.12734375
1 0.5765625 0.43515625 0.103125 0.084375
1 0.72734375 0.4328125 0.1203125 0.09140625
1 0.07109375 0.4234375 0.09375 0.0890625