13 0.72109375 0.5609375 0.52421875 0.48828125
13 0.91484375 0.73046875 0.084375 0.1828125
13 0.9234375 0.41015625 0.14921875 0.6515625
13 0.5015625 0.70078125 0.06953125 0.17578125
13 0.6046875 0.63671875 0.084375 0.1390625
13 0.5640625 0.71015625 0.06484375 0.13203125
13 0.68125 0.74296875 0.06953125 0.1390625
13 0.74375 0.74140625 0.07421875 0.1515625
13 0.79921875 0.75859375 0.06015625 0.15625
13 0.5171875 0.55625 0.0765625 0.146875
13 0.8765625 0.43046875 0.06953125 0.1109375
13 0.74375 0.4734375 0.07421875 0.10546875