0 0.30234375 0.12421875 0.34375 0.07265625
0 0.6375 0.078125 0.31875 0.08046875
0 0.33515625 0.44609375 0.321875 0.06640625
0 0.640625 0.4421875 0.26640625 0.05625
0 0.64375 0.14140625 0.3328125 0.0578125
0 0.65234375 0.59609375 0.2890625 0.0515625
0 0.6765625 0.6671875 0.303125 0.06796875
0 0.68046875 0.72109375 0.29921875 0.06796875
0 0.37734375 0.709375 0.29375 0.07890625
0 0.39375 0.63046875 0.26015625 0.05
0 0.39140625 0.5796875 0.2546875 0.05625
0 0.13359375 0.63515625 0.246875 0.05859375
0 0.37578125 0.9421875 0.290625 0.09765625
0 0.675 0.8875 0.28828125 0.08515625