0 0.1015625 0.28125 0.1890625 0.06640625
0 0.78984375 0.28515625 0.3515625 0.07890625
0 0.41953125 0.4296875 0.284375 0.0640625
0 0.42109375 0.475 0.29609375 0.05390625
0 0.42109375 0.52578125 0.303125 0.05625
0 0.73828125 0.48203125 0.3296875 0.0640625
0 0.74765625 0.5375 0.33984375 0.05390625
0 0.14453125 0.6796875 0.2890625 0.0640625
0 0.146875 0.7671875 0.2890625 0.08125
0 0.42890625 0.6453125 0.2515625 0.05
0 0.43984375 0.71875 0.27421875 0.05
0 0.48046875 0.7828125 0.33984375 0.0703125
0 0.74375 0.69140625 0.33203125 0.07890625
0 0.75859375 0.75234375 0.33984375 0.06484375
0 0.14921875 0.95 0.28828125 0.0546875
0 0.14375 0.975 0.27109375 0.0421875
0 0.446875 0.9234375 0.290625 0.0578125
0 0.45859375 0.975 0.32421875 0.0453125
0 0.7515625 0.946875 0.30703125 0.03671875
0 0.771875 0.98046875 0.31875 0.03515625