7 0.2234375 0.13515625 0.33515625 0.06640625
7 0.55078125 0.0828125 0.32421875 0.0875
7 0.5609375 0.134375 0.321875 0.07265625
7 0.86484375 0.134375 0.2578125 0.07265625
7 0.26328125 0.4359375 0.31015625 0.0765625
7 0.56796875 0.44296875 0.2640625 0.06640625
7 0.55703125 0.590625 0.28046875 0.06640625
7 0.578125 0.65546875 0.2890625 0.0625
7 0.5890625 0.7109375 0.2890625 0.07265625
7 0.28828125 0.6953125 0.2828125 0.0859375
7 0.871875 0.696875 0.25 0.08828125
7 0.10546875 0.60546875 0.21015625 0.06015625
7 0.80703125 0.59609375 0.203125 0.04921875
7 0.321875 0.61171875 0.221875 0.0515625
7 0.3234375 0.56640625 0.225 0.04765625
7 0.296875 0.9234375 0.2828125 0.09765625
7 0.85 0.93125 0.27734375 0.10546875
7 0.5875 0.87265625 0.2640625 0.0875
7 0.584375 0.92734375 0.2640625 0.06015625
7 0.10625 0.66015625 0.2125 0.0515625