0 0.38203125 0.56484375 0.321875 0.11484375
0 0.36171875 0.27265625 0.353125 0.0953125
0 0.72265625 0.86875 0.43046875 0.17890625
0 0.3921875 0.846875 0.2640625 0.11875
0 0.73046875 0.97734375 0.4046875 0.03984375
0 0.115625 0.6546875 0.23046875 0.0515625
0 0.1171875 0.58203125 0.2140625 0.0765625
0 0.15078125 0.490625 0.240625 0.09765625
0 0.68359375 0.49140625 0.296875 0.07890625
0 0.415625 0.46875 0.225 0.05390625
0 0.37421875 0.35390625 0.33359375 0.06640625
0 0.69375 0.1453125 0.34921875 0.06171875
0 0.690625 0.20234375 0.31640625 0.05234375
0 0.72265625 0.27265625 0.353125 0.07421875
0 0.72578125 0.34375 0.35859375 0.07890625
0 0.715625 0.57265625 0.33046875 0.07890625
0 0.7203125 0.6453125 0.353125 0.07421875
0 0.39375 0.6484375 0.321875 0.0640625
0 0.10625 0.28671875 0.2078125 0.05859375
0 0.10234375 0.21328125 0.1890625 0.08125
0 0.103125 0.35546875 0.2 0.07265625