0 0.05625 0.0890625 0.075 0.1703125
0 0.0484375 0.39296875 0.096875 0.19609375
0 0.171875 0.39140625 0.1328125 0.19140625
0 0.26875 0.08515625 0.32734375 0.0828125
0 0.259375 0.1453125 0.31875 0.06171875
0 0.584375 0.15078125 0.3078125 0.06875
0 0.58359375 0.10546875 0.27421875 0.03359375
0 0.86875 0.09375 0.2546875 0.075
0 0.871875 0.15234375 0.24375 0.05234375
0 0.58125 0.45078125 0.30234375 0.0765625
0 0.86640625 0.44375 0.2546875 0.08671875
0 0.0453125 0.628125 0.08515625 0.18125
0 0.14375 0.63515625 0.11640625 0.19921875
0 0.12890625 0.88828125 0.153125 0.14375
0 0.609375 0.94375 0.275 0.10390625
0 0.8703125 0.8921875 0.253125 0.09375
0 0.871875 0.95390625 0.24375 0.07890625
0 0.61484375 0.8578125 0.24140625 0.0625
0 0.8609375 0.6046875 0.265625 0.08125
0 0.86875 0.6765625 0.25 0.0625
0 0.28984375 0.72265625 0.296875 0.07890625
0 0.62109375 0.70625 0.29140625 0.09921875
0 0.3640625 0.625 0.25 0.06640625
0 0.3875 0.56484375 0.21328125 0.05390625
0 0.61015625 0.58828125 0.23359375 0.05625
0 0.60859375 0.63203125 0.246875 0.0515625