0 0.1953125 0.29296875 0.221875 0.05703125
0 0.60625 0.26875 0.22578125 0.07578125
0 0.6359375 0.32578125 0.2421875 0.053125
0 0.88671875 0.2890625 0.22265625 0.0734375
0 0.9 0.325 0.196875 0.03984375
0 0.14609375 0.54921875 0.290625 0.06796875
0 0.153125 0.60546875 0.2984375 0.06953125
0 0.40078125 0.490625 0.21796875 0.05234375
0 0.40390625 0.5375 0.22421875 0.04375
0 0.4078125 0.446875 0.19296875 0.0359375
0 0.64296875 0.43984375 0.24609375 0.0546875
0 0.6390625 0.49140625 0.24453125 0.05234375
0 0.646875 0.53671875 0.24453125 0.04375
0 0.63203125 0.59453125 0.3 0.07578125
0 0.1390625 0.7671875 0.26484375 0.06953125
0 0.128125 0.85625 0.25390625 0.0890625
0 0.384375 0.8609375 0.28203125 0.07578125
0 0.384375 0.78828125 0.275 0.07578125
0 0.665625 0.85234375 0.2765625 0.06171875
0 0.6609375 0.7859375 0.26796875 0.084375