7 0.2484375 0.24609375 0.2296875 0.06640625
7 0.49453125 0.2671875 0.278125 0.06875
7 0.8359375 0.3015625 0.31640625 0.0578125
7 0.81640625 0.24609375 0.278125 0.03515625
7 0.4953125 0.4171875 0.31875 0.0640625
7 0.490625 0.48359375 0.31953125 0.0640625
7 0.5 0.54921875 0.31015625 0.0578125
7 0.4953125 0.61015625 0.31875 0.05859375
7 0.1578125 0.59609375 0.29375 0.06796875
7 0.20703125 0.78671875 0.2859375 0.07890625
7 0.20546875 0.8578125 0.278125 0.0703125
7 0.61875 0.79609375 0.271875 0.0640625
7 0.61796875 0.85078125 0.28046875 0.06328125
7 0.6203125 0.73203125 0.27421875 0.0765625
7 0.87890625 0.8 0.22421875 0.05390625
7 0.875 0.73671875 0.2390625 0.08359375
7 0.8859375 0.88203125 0.21640625 0.10234375
7 0.21796875 0.48515625 0.23515625 0.05859375
7 0.23046875 0.428125 0.221875 0.05390625
7 0.2234375 0.53125 0.23515625 0.04765625