0 0.37890625 0.1375 0.32421875 0.05
0 0.38046875 0.0671875 0.3046875 0.08046875
0 0.75625 0.10625 0.38515625 0.1
0 0.115625 0.33515625 0.225 0.0703125
0 0.11171875 0.4046875 0.20859375 0.05546875
0 0.10546875 0.47421875 0.2046875 0.07265625
0 0.409375 0.28203125 0.253125 0.0640625
0 0.3984375 0.34140625 0.26875 0.0625
0 0.3828125 0.40703125 0.3328125 0.06875
0 0.38828125 0.478125 0.3390625 0.06796875
0 0.71328125 0.265625 0.315625 0.06796875
0 0.709375 0.32890625 0.3140625 0.0703125
0 0.73203125 0.40078125 0.34921875 0.07265625
0 0.73671875 0.47109375 0.3359375 0.07734375
0 0.11953125 0.69375 0.2390625 0.09921875
0 0.11875 0.76953125 0.22734375 0.04296875
0 0.41640625 0.6203125 0.271875 0.07421875
0 0.403125 0.696875 0.30546875 0.09375
0 0.4078125 0.77265625 0.31015625 0.0625
0 0.709375 0.6015625 0.28515625 0.0875
0 0.7265625 0.69296875 0.3328125 0.09765625
0 0.7296875 0.76953125 0.31015625 0.0640625
0 0.40625 0.9328125 0.26953125 0.125
0 0.709375 0.94375 0.33046875 0.10390625
0 0.16015625 0.60234375 0.20546875 0.07734375
0 0.1484375 0.09296875 0.18515625 0.06015625
0 0.14375 0.1421875 0.171875 0.05625
0 0.13203125 0.26328125 0.2640625 0.0640625