0 0.3609375 0.30703125 0.21015625 0.04765625
0 0.328125 0.34609375 0.278125 0.04140625
0 0.76796875 0.28671875 0.2296875 0.08515625
0 0.340625 0.540625 0.26640625 0.0578125
0 0.33984375 0.603125 0.2640625 0.04765625
0 0.55859375 0.503125 0.196875 0.04765625
0 0.5734375 0.54453125 0.196875 0.03515625
0 0.82578125 0.45234375 0.23046875 0.05234375
0 0.80859375 0.50078125 0.26640625 0.04375
0 0.80625 0.54921875 0.25234375 0.03515625
0 0.8125 0.60625 0.296875 0.05390625
0 0.325 0.76015625 0.25 0.0625
0 0.29296875 0.84609375 0.2578125 0.07890625
0 0.553125 0.709375 0.2 0.02265625
0 0.56796875 0.790625 0.25234375 0.05625
0 0.5609375 0.85546875 0.265625 0.08515625
0 0.83046875 0.7859375 0.2828125 0.05625
0 0.83515625 0.8546875 0.271875 0.0640625