0 0.73046875 0.21484375 0.32734375 0.07734375
0 0.69375 0.16015625 0.31640625 0.06640625
0 0.365625 0.1671875 0.29453125 0.0640625
0 0.37734375 0.2078125 0.29375 0.05
0 0.096875 0.21015625 0.19375 0.04140625
0 0.1515625 0.15859375 0.21015625 0.06640625
0 0.33828125 0.32109375 0.33359375 0.07890625
0 0.33359375 0.38203125 0.346875 0.08125
0 0.340625 0.45234375 0.3390625 0.07734375
0 0.33359375 0.51640625 0.3390625 0.0703125
0 0.09140625 0.34296875 0.171875 0.05859375
0 0.07890625 0.38671875 0.1578125 0.04765625
0 0.08828125 0.440625 0.171875 0.04375
0 0.7234375 0.50546875 0.190625 0.05859375
0 0.72421875 0.453125 0.1609375 0.04296875
0 0.7953125 0.81953125 0.3296875 0.08046875
0 0.471875 0.77890625 0.2890625 0.06640625
0 0.46640625 0.7125 0.3 0.0625
0 0.465625 0.6453125 0.29453125 0.0625
0 0.09609375 0.696875 0.19140625 0.06796875
0 0.09296875 0.76171875 0.18515625 0.07265625
0 0.76015625 0.73125 0.28359375 0.06640625
0 0.753125 0.66171875 0.29140625 0.07109375
0 0.24609375 0.94453125 0.1640625 0.10625
0 0.44921875 0.96796875 0.28359375 0.06015625
0 0.509375 0.92265625 0.29140625 0.0703125