7 0.01875 0.16171875 0.0328125 0.13359375
7 0.06328125 0.16171875 0.065625 0.13515625
7 0.2609375 0.14140625 0.2390625 0.07890625
7 0.228125 0.1546875 0.25546875 0.0765625
7 0.225 0.20625 0.23828125 0.05
7 0.484375 0.1765625 0.2140625 0.0453125
7 0.47890625 0.2078125 0.246875 0.0578125
7 0.721875 0.17421875 0.2328125 0.06015625
7 0.73125 0.21875 0.2578125 0.05390625
7 0.9328125 0.21640625 0.128125 0.05390625
7 0.05859375 0.390625 0.096875 0.16015625
7 0.16015625 0.390625 0.10546875 0.15625
7 0.4859375 0.44609375 0.24375 0.07890625
7 0.72109375 0.4515625 0.2140625 0.0828125
7 0.0484375 0.57890625 0.096875 0.1578125
7 0.134375 0.584375 0.09140625 0.16015625
7 0.31015625 0.59765625 0.20546875 0.0578125
7 0.2421875 0.65625 0.24140625 0.07890625
7 0.503125 0.553125 0.18515625 0.05625
7 0.509375 0.590625 0.203125 0.05625
7 0.5015625 0.65390625 0.2328125 0.0828125
7 0.7171875 0.571875 0.21953125 0.06015625
7 0.7296875 0.62578125 0.24453125 0.06015625
7 0.74140625 0.66484375 0.25 0.06640625
7 0.90078125 0.584375 0.1640625 0.05625
7 0.93125 0.6671875 0.1296875 0.0765625
7 0.04140625 0.78359375 0.078125 0.12890625
7 0.1234375 0.7828125 0.1140625 0.125
7 0.5078125 0.77421875 0.21015625 0.07265625
7 0.49375 0.84453125 0.22734375 0.07265625
7 0.915625 0.86171875 0.16015625 0.08359375
7 0.728125 0.80703125 0.228125 0.0765625
7 0.72578125 0.86015625 0.246875 0.0703125