0 0.24921875 0.090625 0.328125 0.0703125
0 0.24765625 0.15234375 0.30859375 0.06015625
0 0.5734375 0.10703125 0.26875 0.0375
0 0.56875 0.1484375 0.3046875 0.0703125
0 0.8640625 0.08671875 0.2578125 0.06640625
0 0.86328125 0.15 0.25546875 0.05546875
0 0.05234375 0.10234375 0.06640625 0.16015625
0 0.05390625 0.37890625 0.096875 0.18125
0 0.184375 0.38828125 0.14140625 0.18359375
0 0.575 0.44765625 0.3 0.06875
0 0.86640625 0.434375 0.25 0.07421875
0 0.0609375 0.6125 0.115625 0.17421875
0 0.1609375 0.61015625 0.115625 0.16484375
0 0.36015625 0.60546875 0.228125 0.05390625
0 0.36328125 0.65703125 0.23359375 0.05390625
0 0.290625 0.69375 0.26015625 0.08125
0 0.3953125 0.5453125 0.153125 0.0515625
0 0.615625 0.57421875 0.23046875 0.0625
0 0.5984375 0.625 0.23515625 0.0515625
0 0.6078125 0.69296875 0.2828125 0.1
0 0.85078125 0.596875 0.28046875 0.06640625
0 0.8640625 0.65703125 0.2578125 0.07890625
0 0.86875 0.715625 0.24453125 0.0953125
0 0.14375 0.853125 0.11640625 0.12890625
0 0.046875 0.8546875 0.06640625 0.13671875
0 0.61875 0.83515625 0.24453125 0.07734375
0 0.59609375 0.92265625 0.271875 0.10234375
0 0.86953125 0.8734375 0.246875 0.1078125
0 0.86171875 0.94453125 0.253125 0.07890625