7 0.0828125 0.4296875 0.15078125 0.1515625
7 0.05078125 0.61640625 0.09609375 0.1328125
7 0.503125 0.95546875 0.3546875 0.08359375
7 0.1625 0.7140625 0.31015625 0.0703125
7 0.28828125 0.64453125 0.28046875 0.0765625
7 0.14921875 0.23125 0.29296875 0.05390625
7 0.48671875 0.2234375 0.38046875 0.0515625
7 0.15703125 0.17265625 0.3 0.05
7 0.5453125 0.1859375 0.30703125 0.0390625
7 0.22109375 0.1515625 0.303125 0.04921875
7 0.84609375 0.16328125 0.29921875 0.06875
7 0.840625 0.21953125 0.303125 0.04296875
7 0.49921875 0.4984375 0.35546875 0.06796875
7 0.85546875 0.5 0.2734375 0.06640625
7 0.571875 0.61953125 0.284375 0.06015625
7 0.56640625 0.67109375 0.2734375 0.06484375
7 0.521875 0.7421875 0.36953125 0.0890625
7 0.82578125 0.659375 0.33203125 0.08515625
7 0.84609375 0.73046875 0.29921875 0.08515625
7 0.846875 0.7890625 0.2890625 0.0875