0 0.2703125 0.35 0.253125 0.0375
0 0.31796875 0.31015625 0.20234375 0.04921875
0 0.7125 0.2828125 0.21015625 0.0625
0 0.30078125 0.5484375 0.26875 0.05625
0 0.30390625 0.60546875 0.275 0.06015625
0 0.52109375 0.5 0.2140625 0.05
0 0.77109375 0.6015625 0.29140625 0.075
0 0.7578125 0.5015625 0.2546875 0.04921875
0 0.76015625 0.54140625 0.25 0.04140625
0 0.7703125 0.44765625 0.23515625 0.0578125
0 0.2828125 0.7546875 0.25 0.0703125
0 0.25 0.84375 0.28515625 0.0890625
0 0.5234375 0.78359375 0.2640625 0.06015625
0 0.528125 0.85 0.26953125 0.0640625
0 0.78671875 0.78046875 0.25859375 0.0625
0 0.7921875 0.84921875 0.2640625 0.0625
0 0.51796875 0.740625 0.20234375 0.0328125