0 0.12578125 0.1578125 0.240625 0.0703125
0 0.38203125 0.15078125 0.24921875 0.08125
0 0.703125 0.11953125 0.35546875 0.11015625
0 0.68359375 0.19765625 0.32421875 0.06640625
0 0.71171875 0.2546875 0.353125 0.06875
0 0.7171875 0.33125 0.34140625 0.09140625
0 0.375 0.203125 0.28828125 0.06015625
0 0.36484375 0.26640625 0.346875 0.0828125
0 0.37109375 0.3390625 0.3140625 0.0828125
0 0.115625 0.2140625 0.21640625 0.0625
0 0.10859375 0.26953125 0.196875 0.06015625
0 0.10234375 0.34453125 0.1890625 0.0765625
0 0.684375 0.48125 0.28046875 0.09140625
0 0.4125 0.45546875 0.21015625 0.05859375
0 0.14921875 0.48359375 0.20546875 0.07890625
0 0.11640625 0.5734375 0.228125 0.08125
0 0.11640625 0.64921875 0.228125 0.05859375
0 0.4046875 0.50859375 0.2390625 0.05390625
0 0.3953125 0.5703125 0.303125 0.0875
0 0.39375 0.64453125 0.31640625 0.08125
0 0.70859375 0.56640625 0.32421875 0.08671875
0 0.70234375 0.63671875 0.321875 0.08515625
0 0.409375 0.71796875 0.24140625 0.04765625
0 0.4 0.75703125 0.25 0.06015625
0 0.396875 0.83203125 0.2890625 0.13515625
0 0.65078125 0.72265625 0.240625 0.06640625
0 0.7125 0.85625 0.36875 0.16640625
0 0.7078125 0.9578125 0.44453125 0.0703125