7 0.4796875 0.14296875 0.3390625 0.10859375
7 0.8328125 0.15234375 0.31015625 0.10390625
7 0.45703125 0.6359375 0.44921875 0.14375
7 0.50546875 0.915625 0.4 0.14765625
7 0.14453125 0.91640625 0.2890625 0.1328125
7 0.496875 0.47109375 0.36015625 0.06640625
7 0.51640625 0.39375 0.35 0.09140625
7 0.5109375 0.53125 0.36015625 0.07421875
7 0.1609375 0.4640625 0.31015625 0.07421875
7 0.209375 0.3953125 0.24140625 0.0578125
7 0.11328125 0.63203125 0.19375 0.1515625
7 0.16875 0.51953125 0.31015625 0.06875
7 0.478125 0.2 0.3640625 0.05390625
7 0.1578125 0.81640625 0.31015625 0.0625