0 0.41875 0.28828125 0.31015625 0.07265625
0 0.428125 0.35703125 0.30546875 0.07265625
0 0.134375 0.36015625 0.2640625 0.06640625
0 0.134375 0.2921875 0.2640625 0.06796875
0 0.8625 0.20703125 0.26875 0.09375
0 0.8625 0.2859375 0.26875 0.06015625
0 0.8578125 0.3484375 0.278125 0.06796875
0 0.16015625 0.58515625 0.20546875 0.075
0 0.40625 0.53046875 0.3296875 0.09609375
0 0.42109375 0.66171875 0.3140625 0.06015625
0 0.63828125 0.56796875 0.1390625 0.12265625
0 0.88046875 0.509375 0.2328125 0.08125
0 0.85234375 0.575 0.2890625 0.06640625
0 0.20859375 0.8890625 0.41640625 0.21484375
0 0.515625 0.94140625 0.19453125 0.11015625