0 0.35390625 0.10625 0.353125 0.07421875
0 0.12578125 0.4421875 0.246875 0.0765625
0 0.11640625 0.62578125 0.228125 0.07734375
0 0.134375 0.67421875 0.26875 0.125
0 0.13203125 0.7546875 0.2640625 0.08515625
0 0.4375 0.7234375 0.31015625 0.09765625
0 0.75078125 0.7203125 0.296875 0.0828125
0 0.70234375 0.93828125 0.26640625 0.09921875
0 0.634375 0.43046875 0.24140625 0.05390625
0 0.61484375 0.375 0.21875 0.04765625
0 0.621875 0.3265625 0.228125 0.04921875
0 0.89296875 0.62265625 0.20234375 0.07109375