7 0.36328125 0.05078125 0.321875 0.07265625
7 0.36875 0.1046875 0.31015625 0.04375
7 0.76171875 0.08359375 0.43046875 0.10390625
7 0.40390625 0.265625 0.3078125 0.07265625
7 0.13046875 0.2515625 0.2546875 0.0828125
7 0.36796875 0.38125 0.35234375 0.09140625
7 0.39921875 0.32265625 0.278125 0.05390625
7 0.3859375 0.46328125 0.34375 0.0640625
7 0.70625 0.24296875 0.296875 0.07109375
7 0.715625 0.3078125 0.353125 0.0828125
7 0.7453125 0.38671875 0.36953125 0.08359375
7 0.7359375 0.45 0.3390625 0.06640625
7 0.11484375 0.67890625 0.19140625 0.0875
7 0.12734375 0.75234375 0.24375 0.06484375
7 0.390625 0.67578125 0.26640625 0.0890625
7 0.40078125 0.7453125 0.3140625 0.0578125
7 0.703125 0.58359375 0.278125 0.07890625
7 0.72578125 0.66953125 0.35859375 0.08515625
7 0.728125 0.74609375 0.3140625 0.06640625