7 0.6671875 0.21328125 0.31953125 0.0890625
7 0.67109375 0.29765625 0.321875 0.0625
7 0.665625 0.36640625 0.31015625 0.0625
7 0.24296875 0.240625 0.22421875 0.04765625
7 0.19765625 0.29453125 0.32421875 0.07265625
7 0.203125 0.36328125 0.3140625 0.0640625
7 0.18671875 0.5421875 0.353125 0.0890625
7 0.4296875 0.57109375 0.1390625 0.11875
7 0.20546875 0.67109375 0.35 0.06640625
7 0.71484375 0.52578125 0.3140625 0.06875
7 0.6453125 0.57265625 0.28515625 0.07421875
7 0.66640625 0.66015625 0.328125 0.0953125