0 0.3390625 0.11796875 0.5078125 0.14765625
0 0.784375 0.1421875 0.425 0.1265625
0 0.14609375 0.3015625 0.29140625 0.0953125
0 0.10390625 0.459375 0.2078125 0.09765625
0 0.3578125 0.41015625 0.378125 0.1078125
0 0.359375 0.4953125 0.3578125 0.07421875
0 0.7078125 0.3390625 0.3328125 0.0703125
0 0.73828125 0.42265625 0.371875 0.10390625
0 0.72265625 0.49765625 0.35859375 0.0703125
0 0.3328125 0.75390625 0.328125 0.19921875
0 0.63125 0.61796875 0.28515625 0.12109375
0 0.8875 0.69296875 0.21875 0.18359375