0 0.21875 0.0890625 0.31015625 0.0703125
0 0.20625 0.1484375 0.29140625 0.05546875
0 0.50390625 0.1484375 0.303125 0.05546875
0 0.03046875 0.1 0.06015625 0.1625
0 0.80625 0.0953125 0.3078125 0.0703125
0 0.8125 0.146875 0.31328125 0.04765625
0 0.14609375 0.3765625 0.121875 0.1703125
0 0.5140625 0.43515625 0.278125 0.06640625
0 0.8 0.41171875 0.265625 0.08359375
0 0.13828125 0.59375 0.08359375 0.16015625
0 0.04609375 0.58828125 0.09140625 0.17734375
0 0.2421875 0.67265625 0.2640625 0.08359375
0 0.54375 0.6734375 0.26015625 0.0765625
0 0.328125 0.5953125 0.228125 0.04921875
0 0.79296875 0.575 0.28515625 0.06015625
0 0.8140625 0.63515625 0.28515625 0.0625
0 0.828125 0.6890625 0.29140625 0.05703125
0 0.54765625 0.60390625 0.22421875 0.0453125
0 0.55078125 0.55390625 0.22421875 0.04921875
0 0.11484375 0.8234375 0.14140625 0.1390625
0 0.540625 0.88828125 0.24453125 0.08203125
0 0.8125 0.84921875 0.26328125 0.08125
0 0.81171875 0.903125 0.25859375 0.06015625