0 0.13125 0.41953125 0.2625 0.0453125
0 0.13125 0.46171875 0.2625 0.0421875
0 0.13046875 0.51015625 0.2609375 0.04921875
0 0.428125 0.275 0.36015625 0.05859375
0 0.41484375 0.46953125 0.31484375 0.0546875
0 0.41953125 0.51796875 0.3203125 0.05078125
0 0.78671875 0.2796875 0.36796875 0.05546875
0 0.790625 0.2234375 0.375 0.0546875
0 0.74140625 0.41875 0.3203125 0.0484375
0 0.73984375 0.4671875 0.3203125 0.05390625
0 0.76953125 0.5234375 0.365625 0.05703125
0 0.74296875 0.634375 0.31328125 0.05703125
0 0.7390625 0.68359375 0.309375 0.0453125
0 0.7609375 0.74921875 0.33046875 0.06484375
0 0.43671875 0.6890625 0.31328125 0.04609375
0 0.4359375 0.7359375 0.3109375 0.05078125
0 0.15703125 0.765625 0.3140625 0.078125
0 0.14296875 0.70859375 0.28515625 0.03984375
0 0.1515625 0.9140625 0.3015625 0.0515625
0 0.146875 0.95703125 0.29375 0.0421875
0 0.7328125 0.8796875 0.3359375 0.06640625
0 0.759375 0.92734375 0.35625 0.07890625
0 0.76953125 0.97578125 0.32890625 0.04453125
0 0.4515625 0.9703125 0.3203125 0.0546875