0 0.121875 0.3421875 0.24375 0.07265625
0 0.125 0.4078125 0.25 0.0625
0 0.40078125 0.3328125 0.31875 0.07890625
0 0.40390625 0.40546875 0.3078125 0.0703125
0 0.390625 0.58984375 0.353125 0.08515625
0 0.40625 0.72265625 0.33515625 0.05859375
0 0.840625 0.6203125 0.303125 0.0875
0 0.88046875 0.5609375 0.2328125 0.0765625
0 0.85234375 0.71796875 0.2890625 0.09140625
0 0.853125 0.32890625 0.28515625 0.07109375
0 0.8515625 0.39296875 0.2828125 0.075
0 0.178125 0.27734375 0.2640625 0.05546875
0 0.440625 0.2734375 0.26640625 0.0515625
0 0.33125 0.04140625 0.34140625 0.0828125
0 0.8625 0.240625 0.26875 0.09765625
0 0.1984375 0.91953125 0.396875 0.15234375