0 0.40546875 0.10625 0.3328125 0.07890625
0 0.7265625 0.07109375 0.31015625 0.07890625
0 0.73984375 0.128125 0.3140625 0.05546875
0 0.41484375 0.4359375 0.32421875 0.0765625
0 0.71015625 0.4234375 0.3 0.08046875
0 0.14140625 0.71640625 0.278125 0.0703125
0 0.2109375 0.6625 0.26015625 0.0625
0 0.2078125 0.6234375 0.26015625 0.0640625
0 0.446875 0.57734375 0.228125 0.05234375
0 0.45390625 0.61796875 0.253125 0.06015625
0 0.45078125 0.6671875 0.25859375 0.0515625
0 0.446875 0.70625 0.30546875 0.09140625
0 0.721875 0.59140625 0.30546875 0.06640625
0 0.75078125 0.65078125 0.32421875 0.08125
0 0.765625 0.71484375 0.31640625 0.08984375
0 0.459375 0.93515625 0.28046875 0.09921875
0 0.74375 0.88515625 0.25 0.0578125
0 0.734375 0.9359375 0.28046875 0.0765625