0 0.18828125 0.16953125 0.36484375 0.065625
0 0.18046875 0.22734375 0.35 0.05546875
0 0.5546875 0.21640625 0.41875 0.0625
0 0.5609375 0.5046875 0.39140625 0.06953125
0 0.1140625 0.4328125 0.178125 0.16796875
0 0.08125 0.6390625 0.13359375 0.15859375
0 0.19375 0.73125 0.353125 0.08984375
0 0.33203125 0.653125 0.29453125 0.08203125
0 0.59375 0.7609375 0.3734375 0.10234375
0 0.634375 0.63046875 0.29609375 0.06953125
0 0.63359375 0.67578125 0.30390625 0.05546875
0 0.06953125 0.871875 0.13828125 0.1421875