0 0.19375 0.07890625 0.38671875 0.10859375
0 0.21640625 0.17734375 0.425 0.09296875
0 0.20625 0.290625 0.41171875 0.1296875
0 0.67578125 0.06953125 0.63203125 0.13203125
0 0.70625 0.1953125 0.58203125 0.12578125
0 0.72109375 0.30703125 0.5453125 0.10546875
0 0.73359375 0.48125 0.5203125 0.0625
0 0.23671875 0.540625 0.46171875 0.11953125
0 0.21796875 0.66953125 0.43046875 0.13515625
0 0.73359375 0.58984375 0.528125 0.11953125
0 0.734375 0.68046875 0.52578125 0.06796875
0 0.5578125 0.88671875 0.58203125 0.13984375