0 0.4265625 0.26796875 0.35078125 0.05859375
0 0.12890625 0.22265625 0.2515625 0.0578125
0 0.125 0.26875 0.24453125 0.05
0 0.15078125 0.509375 0.29609375 0.05546875
0 0.75859375 0.50625 0.29609375 0.0625
0 0.72109375 0.4609375 0.259375 0.04296875
0 0.7421875 0.4125 0.26953125 0.04140625
0 0.4734375 0.65703125 0.2734375 0.05625
0 0.13125 0.65546875 0.26171875 0.05859375
0 0.1484375 0.7140625 0.29609375 0.0578125
0 0.14921875 0.765625 0.284375 0.06015625
0 0.49375 0.7515625 0.3359375 0.07421875
0 0.82421875 0.76640625 0.3296875 0.0828125
0 0.46796875 0.96015625 0.32109375 0.0703125
0 0.15625 0.91328125 0.30703125 0.0765625
0 0.1546875 0.96875 0.30390625 0.05
0 0.79375 0.9609375 0.34453125 0.06796875