0 0.1984375 0.2859375 0.28515625 0.06015625
0 0.4921875 0.28984375 0.296875 0.06875
0 0.48203125 0.53203125 0.3140625 0.08515625
0 0.71171875 0.56640625 0.13046875 0.1203125
0 0.48984375 0.65234375 0.3140625 0.06484375
0 0.19921875 0.353125 0.290625 0.0703125
0 0.26328125 0.23125 0.24921875 0.04453125
0 0.51875 0.234375 0.24296875 0.0453125
0 0.49375 0.3546875 0.29765625 0.05859375
0 0.5359375 0.1875 0.221875 0.0453125
0 0.88828125 0.5578125 0.21796875 0.07890625
0 0.11328125 0.74453125 0.2265625 0.05
0 0.11328125 0.7921875 0.221875 0.04375
0 0.2609375 0.896875 0.45546875 0.203125
0 0.584375 0.9421875 0.18671875 0.11171875
0 0.84296875 0.7640625 0.296875 0.06015625
0 0.8265625 0.803125 0.28125 0.053125
0 0.82421875 0.84453125 0.290625 0.053125
0 0.815625 0.89296875 0.284375 0.04609375
0 0.6125 0.81171875 0.13828125 0.14453125