0 0.0328125 0.165625 0.05078125 0.14765625
0 0.1734375 0.42578125 0.1765625 0.1640625
0 0.03125 0.421875 0.06171875 0.17265625
0 0.05078125 0.64140625 0.09609375 0.15390625
0 0.13671875 0.64609375 0.09609375 0.15234375
0 0.09921875 0.89296875 0.178125 0.13515625
0 0.271875 0.1546875 0.41015625 0.06796875
0 0.246875 0.21015625 0.3484375 0.04921875
0 0.70078125 0.1640625 0.38046875 0.04921875
0 0.6640625 0.20078125 0.440625 0.06015625
0 0.66328125 0.50390625 0.4296875 0.09140625
0 0.40625 0.659375 0.33203125 0.08515625
0 0.2625 0.73984375 0.36953125 0.09140625
0 0.68515625 0.7703125 0.4 0.1203125
0 0.72109375 0.93671875 0.36171875 0.12109375
0 0.72578125 0.6375 0.33203125 0.075
0 0.71953125 0.6953125 0.3515625 0.0828125