0 0.2140625 0.24140625 0.26484375 0.05
0 0.15 0.2984375 0.29375 0.07109375
0 0.15625 0.36328125 0.30625 0.06953125
0 0.4953125 0.19375 0.22734375 0.0546875
0 0.475 0.23828125 0.24921875 0.04375
0 0.4484375 0.29453125 0.3078125 0.06796875
0 0.45 0.3625 0.309375 0.06640625
0 0.8734375 0.18671875 0.240625 0.06015625
0 0.88125 0.28671875 0.23125 0.07265625
0 0.8734375 0.35625 0.246875 0.07109375
0 0.1875 0.5921875 0.2015625 0.07421875
0 0.23828125 0.47890625 0.1984375 0.0484375
0 0.21796875 0.521875 0.15 0.04921875
0 0.434375 0.54765625 0.33671875 0.08046875
0 0.45 0.6703125 0.328125 0.0734375
0 0.6671875 0.57578125 0.146875 0.125
0 0.86796875 0.6703125 0.25625 0.0890625
0 0.865625 0.5859375 0.26015625 0.07578125
0 0.89609375 0.521875 0.20390625 0.07265625
0 0.22578125 0.9015625 0.4421875 0.19140625
0 0.0734375 0.54453125 0.14453125 0.03828125
0 0.071875 0.50546875 0.1421875 0.0359375
0 0.07265625 0.46875 0.13828125 0.0328125