0 0.48515625 0.0828125 0.328125 0.0828125
0 0.490625 0.1375 0.33046875 0.05390625
0 0.81796875 0.13515625 0.3296875 0.075
0 0.51015625 0.42734375 0.278125 0.06484375
0 0.50078125 0.58671875 0.27421875 0.07265625
0 0.521875 0.6453125 0.3 0.0625
0 0.53359375 0.70390625 0.2890625 0.0703125
0 0.83671875 0.690625 0.2859375 0.08046875
0 0.746875 0.5890625 0.228125 0.0625
0 0.25859375 0.91484375 0.296875 0.10390625
0 0.796875 0.9140625 0.2828125 0.1375
0 0.2515625 0.690625 0.31015625 0.08515625
0 0.5359375 0.86875 0.26015625 0.09921875
0 0.53125 0.92734375 0.25234375 0.06640625
0 0.21328125 0.4375 0.33359375 0.07421875
0 0.21640625 0.1109375 0.2828125 0.0640625
0 0.1625 0.13828125 0.325 0.07265625