0 0.1625 0.28203125 0.31015625 0.0640625
0 0.85859375 0.28671875 0.265625 0.07265625
0 0.83125 0.4765625 0.3296875 0.06171875
0 0.82578125 0.53046875 0.33984375 0.07109375
0 0.50625 0.4234375 0.2734375 0.05546875
0 0.5109375 0.46875 0.2890625 0.05
0 0.50703125 0.5171875 0.28046875 0.0515625
0 0.840625 0.6953125 0.303125 0.0828125
0 0.84140625 0.7546875 0.29921875 0.06796875
0 0.515625 0.6421875 0.2484375 0.05625
0 0.53125 0.7140625 0.284375 0.0578125
0 0.584375 0.77578125 0.3484375 0.0765625
0 0.2328125 0.67734375 0.2953125 0.05390625
0 0.23203125 0.77265625 0.33984375 0.075
0 0.54140625 0.921875 0.28828125 0.05546875
0 0.5515625 0.971875 0.31328125 0.04609375
0 0.246875 0.93125 0.28359375 0.04765625
0 0.2265625 0.97265625 0.334375 0.05078125