0 0.27578125 0.1828125 0.3140625 0.0828125
0 0.578125 0.19296875 0.28515625 0.07109375
0 0.59375 0.02578125 0.371875 0.04765625
0 0.86875 0.18203125 0.2546875 0.07265625
0 0.57421875 0.25625 0.28359375 0.06171875
0 0.25546875 0.246875 0.34921875 0.08515625
0 0.6296875 0.3109375 0.36640625 0.08046875
0 0.859375 0.24140625 0.2640625 0.06640625
0 0.9078125 0.3078125 0.178125 0.0875
0 0.27578125 0.31640625 0.33046875 0.06640625
0 0.2796875 0.38515625 0.371875 0.0953125
0 0.6359375 0.38515625 0.34375 0.075
0 0.90234375 0.38203125 0.1890625 0.0765625
0 0.10703125 0.5453125 0.2140625 0.0828125
0 0.3234375 0.52578125 0.26875 0.08046875
0 0.853125 0.521875 0.278125 0.08046875
0 0.5890625 0.559375 0.3 0.08046875
0 0.628125 0.621875 0.33515625 0.09765625
0 0.62734375 0.69375 0.31640625 0.07890625
0 0.2859375 0.63125 0.365625 0.0875
0 0.2953125 0.7109375 0.3578125 0.0765625
0 0.875 0.60859375 0.24375 0.08984375
0 0.8875 0.68046875 0.21015625 0.05859375
0 0.5671875 0.90390625 0.3140625 0.125
0 0.85234375 0.89921875 0.2890625 0.19609375