0 0.27734375 0.22421875 0.246875 0.08515625
0 0.28984375 0.2796875 0.21640625 0.0515625
0 0.24375 0.3171875 0.253125 0.0515625
0 0.53671875 0.25390625 0.2546875 0.07421875
0 0.7546875 0.21953125 0.196875 0.06015625
0 0.8515625 0.26328125 0.2796875 0.0515625
0 0.87421875 0.3046875 0.24140625 0.0640625
0 0.56484375 0.315625 0.271875 0.05625
0 0.0828125 0.42578125 0.153125 0.04375
0 0.08515625 0.47890625 0.14140625 0.03671875
0 0.08125 0.5296875 0.15 0.04375
0 0.28515625 0.42734375 0.23046875 0.06484375
0 0.26953125 0.48125 0.23828125 0.06640625
0 0.278125 0.534375 0.221875 0.0453125
0 0.2171875 0.6 0.30546875 0.09140625
0 0.56171875 0.41171875 0.321875 0.08359375
0 0.54765625 0.48203125 0.34921875 0.07265625
0 0.53671875 0.5453125 0.3390625 0.0828125
0 0.54375 0.61640625 0.33046875 0.0875
0 0.278125 0.734375 0.24453125 0.0453125
0 0.23671875 0.79140625 0.2828125 0.0703125
0 0.253125 0.8640625 0.271875 0.07421875
0 0.65625 0.72890625 0.278125 0.0875
0 0.6671875 0.79921875 0.271875 0.05859375
0 0.65625 0.859375 0.2890625 0.06875