7 0.3234375 0.30078125 0.31875 0.0640625
7 0.32890625 0.36796875 0.32421875 0.06015625
7 0.64140625 0.23125 0.3328125 0.07421875
7 0.65078125 0.30078125 0.30859375 0.06015625
7 0.678125 0.36796875 0.3640625 0.07265625
7 0.31015625 0.21796875 0.33359375 0.08359375
7 0.403125 0.5265625 0.3 0.07421875
7 0.328125 0.57734375 0.29140625 0.08125
7 0.3203125 0.67578125 0.33515625 0.07734375
7 0.646875 0.6078125 0.34375 0.0875
7 0.65546875 0.6828125 0.32734375 0.06640625
7 0.8953125 0.60546875 0.203125 0.09921875