0 0.0375 0.0859375 0.06875 0.16875
0 0.25 0.07890625 0.34375 0.07890625
0 0.23984375 0.140625 0.34140625 0.06796875
0 0.85703125 0.09140625 0.271875 0.075
0 0.8609375 0.1546875 0.265625 0.0515625
0 0.57109375 0.14453125 0.3140625 0.06015625
0 0.57421875 0.10546875 0.28359375 0.02265625
0 0.03984375 0.39140625 0.06875 0.20390625
0 0.15234375 0.3953125 0.1390625 0.1953125
0 0.571875 0.45625 0.3 0.07890625
0 0.859375 0.44765625 0.275 0.0828125
0 0.13203125 0.63984375 0.121875 0.20390625
0 0.859375 0.609375 0.275 0.07265625
0 0.86796875 0.678125 0.25234375 0.06796875
0 0.26640625 0.725 0.3 0.07890625
0 0.603125 0.7203125 0.29140625 0.0828125
0 0.34765625 0.63203125 0.25859375 0.06015625
0 0.3734375 0.5703125 0.21875 0.04921875
0 0.35390625 0.684375 0.2578125 0.04765625
0 0.603125 0.6359375 0.24140625 0.0515625
0 0.60625 0.584375 0.22421875 0.04765625
0 0.115625 0.89921875 0.153125 0.14765625
0 0.59921875 0.946875 0.28359375 0.09375
0 0.6078125 0.8640625 0.25 0.0703125
0 0.86640625 0.8984375 0.2546875 0.09375
0 0.865625 0.9546875 0.26015625 0.08125