0 0.14609375 0.0421875 0.29140625 0.08125
0 0.1484375 0.10078125 0.290625 0.0640625
0 0.46953125 0.109375 0.32421875 0.06796875
0 0.715625 0.4171875 0.2390625 0.06015625
0 0.69375 0.32421875 0.221875 0.0578125
0 0.1890625 0.4265625 0.328125 0.0703125
0 0.17265625 0.6078125 0.33046875 0.07421875
0 0.18671875 0.66640625 0.3359375 0.07109375
0 0.203125 0.7296875 0.328125 0.06015625
0 0.53671875 0.7 0.2859375 0.08515625
0 0.8328125 0.70703125 0.3046875 0.10234375
0 0.48515625 0.590625 0.20546875 0.04921875
0 0.22890625 0.90625 0.3078125 0.08125
0 0.2296875 0.96015625 0.29453125 0.05625
0 0.515625 0.93515625 0.275 0.08984375
0 0.775 0.91640625 0.28515625 0.10546875