0 0.28828125 0.18828125 0.403125 0.11953125
0 0.190625 0.25 0.365625 0.1140625
0 0.18125 0.3609375 0.3625 0.1125
0 0.590625 0.121875 0.309375 0.11328125
0 0.60390625 0.20703125 0.3359375 0.12734375
0 0.5578125 0.315625 0.4234375 0.134375
0 0.54765625 0.403125 0.40625 0.1140625
0 0.8765625 0.33515625 0.240625 0.14375
0 0.87109375 0.43125 0.25234375 0.10546875
0 0.87421875 0.1421875 0.24609375 0.1
0 0.88125 0.21796875 0.23125 0.08046875
0 0.415625 0.78671875 0.40625 0.24765625
0 0.76953125 0.6703125 0.3421875 0.13984375
0 0.7546875 0.5859375 0.26328125 0.0734375
0 0.7640625 0.54140625 0.26328125 0.08671875