0 0.7125 0.71171875 0.31015625 0.08515625
0 0.73984375 0.80625 0.346875 0.1125
0 0.74375 0.8828125 0.35 0.0875
0 0.4203125 0.721875 0.2796875 0.07265625
0 0.4046875 0.80234375 0.31640625 0.11640625
0 0.40390625 0.88046875 0.325 0.08515625
0 0.125 0.79453125 0.24375 0.10546875
0 0.128125 0.88125 0.24140625 0.07421875
0 0.1640625 0.696875 0.2078125 0.07265625
0 0.7171875 0.39140625 0.296875 0.0625
0 0.715625 0.44375 0.3390625 0.06640625
0 0.746875 0.51640625 0.3828125 0.0828125
0 0.75078125 0.5921875 0.38046875 0.06796875
0 0.4171875 0.38984375 0.26953125 0.06640625
0 0.4171875 0.45 0.26953125 0.05390625
0 0.4 0.50703125 0.33515625 0.09375
0 0.3890625 0.59140625 0.328125 0.07421875
0 0.0140625 0.34921875 0.0078125 0.00859375
0 0.13125 0.44609375 0.246875 0.06640625
0 0.1125 0.51328125 0.225 0.0640625
0 0.1203125 0.584375 0.23515625 0.08125
0 0.746875 0.09609375 0.39375 0.07890625
0 0.7609375 0.17578125 0.41015625 0.08046875
0 0.7578125 0.25234375 0.4 0.07890625
0 0.40390625 0.2 0.303125 0.07421875
0 0.40078125 0.26328125 0.33046875 0.06875
0 0.17109375 0.20078125 0.1640625 0.0640625
0 0.1765625 0.253125 0.175 0.04765625