0 0.39375 0.0875 0.29453125 0.06171875
0 0.11640625 0.13203125 0.221875 0.06875
0 0.3875 0.13828125 0.31328125 0.06015625
0 0.70234375 0.1390625 0.29375 0.0453125
0 0.1375 0.43203125 0.275 0.06015625
0 0.42734375 0.43203125 0.271875 0.05625
0 0.859375 0.3265625 0.23046875 0.04921875
0 0.85625 0.37734375 0.23515625 0.05390625
0 0.8828125 0.42421875 0.228125 0.04765625
0 0.159375 0.68203125 0.303125 0.09609375
0 0.4109375 0.58515625 0.2890625 0.05625
0 0.43984375 0.65 0.29140625 0.06015625
0 0.44921875 0.70390625 0.278125 0.05234375
0 0.7421875 0.68359375 0.26953125 0.07265625
0 0.671875 0.58515625 0.21015625 0.05625
0 0.1875 0.6125 0.21328125 0.04765625
0 0.17890625 0.56796875 0.203125 0.05
0 0.165625 0.915625 0.29453125 0.10390625
0 0.453125 0.85703125 0.26953125 0.07109375
0 0.45234375 0.9171875 0.26640625 0.04921875
0 0.70625 0.89765625 0.2796875 0.11875