7 0.2390625 0.25 0.228125 0.07421875
7 0.1765625 0.3171875 0.253125 0.04375
7 0.475 0.321875 0.28828125 0.04375
7 0.4625 0.26953125 0.296875 0.06015625
7 0.7703125 0.2671875 0.303125 0.06875
7 0.8078125 0.30859375 0.3546875 0.06640625
7 0.19765625 0.43203125 0.20859375 0.0515625
7 0.19296875 0.48515625 0.22421875 0.04921875
7 0.196875 0.534375 0.21640625 0.0453125
7 0.14296875 0.5953125 0.28515625 0.07421875
7 0.44375 0.41953125 0.32734375 0.0640625
7 0.4421875 0.4859375 0.31953125 0.06875
7 0.4453125 0.61328125 0.31953125 0.06875
7 0.44296875 0.54765625 0.3296875 0.06640625
7 0.80390625 0.56953125 0.1578125 0.04765625
7 0.8078125 0.521875 0.14453125 0.04296875
7 0.81875 0.47578125 0.1328125 0.04765625
7 0.16796875 0.78515625 0.28515625 0.07421875
7 0.16640625 0.85546875 0.2828125 0.07109375
7 0.575 0.73046875 0.29375 0.07265625
7 0.578125 0.79765625 0.28515625 0.0703125
7 0.578125 0.86171875 0.29140625 0.05859375
7 0.85546875 0.75234375 0.2828125 0.07890625
7 0.8578125 0.80703125 0.278125 0.05390625
7 0.8625 0.89609375 0.26875 0.11484375