0 0.709375 0.0984375 0.2640625 0.0515625
0 0.453125 0.16875 0.23515625 0.05390625
0 0.45078125 0.22109375 0.23046875 0.05390625
0 0.746875 0.15859375 0.36640625 0.07734375
0 0.75078125 0.23125 0.36875 0.0625
0 0.403125 0.4296875 0.33515625 0.0765625
0 0.72578125 0.36328125 0.303125 0.06015625
0 0.72265625 0.42421875 0.30859375 0.06015625
0 0.11640625 0.4203125 0.228125 0.08671875
0 0.12890625 0.49765625 0.2578125 0.0625
0 0.12890625 0.55625 0.2578125 0.05390625
0 0.41328125 0.49375 0.315625 0.06640625
0 0.396875 0.5796875 0.35546875 0.0890625
0 0.75390625 0.50390625 0.4078125 0.10390625
0 0.76484375 0.590625 0.38046875 0.08046875
0 0.39609375 0.80859375 0.34921875 0.10234375
0 0.39609375 0.88671875 0.34140625 0.07265625
0 0.134375 0.74453125 0.2578125 0.0890625
0 0.20234375 0.70625 0.29375 0.075
0 0.74921875 0.90078125 0.35 0.09375
0 0.7484375 0.8375 0.3640625 0.09921875
0 0.728125 0.77734375 0.3140625 0.05234375
0 0.7203125 0.73671875 0.28515625 0.04609375