0 0.234375 0.0828125 0.46875 0.12421875
0 0.234375 0.1859375 0.46875 0.0890625
0 0.2484375 0.28125 0.490625 0.12890625
0 0.73828125 0.17109375 0.515625 0.12734375
0 0.74375 0.2890625 0.5046875 0.1203125
0 0.30703125 0.50078125 0.371875 0.125
0 0.24140625 0.64453125 0.478125 0.12890625
0 0.24375 0.75703125 0.4828125 0.0875
0 0.73125 0.64375 0.49140625 0.1390625
0 0.71640625 0.74609375 0.478125 0.0953125
0 0.671875 0.56640625 0.3890625 0.0828125
0 0.63046875 0.46953125 0.31015625 0.06875
0 0.61875 0.91484375 0.37734375 0.15625
0 0.2296875 0.89921875 0.3890625 0.07890625
0 0.2359375 0.9625 0.3890625 0.06796875