0 0.06015625 0.0984375 0.08359375 0.18125
0 0.28125 0.07890625 0.325 0.07890625
0 0.26875 0.1484375 0.321875 0.05546875
0 0.5828125 0.14921875 0.3046875 0.07109375
0 0.86875 0.103125 0.2546875 0.07265625
0 0.871875 0.1578125 0.25 0.04921875
0 0.06015625 0.38515625 0.10546875 0.1875
0 0.184375 0.3953125 0.11875 0.1828125
0 0.58828125 0.4546875 0.2890625 0.08046875
0 0.8625 0.44921875 0.26328125 0.05859375
0 0.0609375 0.62421875 0.115625 0.1828125
0 0.27890625 0.71171875 0.303125 0.090625
0 0.6203125 0.7078125 0.28515625 0.07890625
0 0.36640625 0.62734375 0.25 0.0625
0 0.615625 0.6296875 0.253125 0.04765625
0 0.865625 0.6046875 0.26015625 0.07265625
0 0.88359375 0.6734375 0.22421875 0.06015625
0 0.88203125 0.73671875 0.221875 0.05234375
0 0.60625 0.9390625 0.28515625 0.090625
0 0.1421875 0.87578125 0.146875 0.1390625
0 0.86875 0.8921875 0.25 0.09375
0 0.165625 0.63046875 0.103125 0.19609375