0 0.44375 0.25625 0.2828125 0.06171875
0 0.22421875 0.2359375 0.23359375 0.08046875
0 0.753125 0.2453125 0.29140625 0.05
0 0.78515625 0.296875 0.35546875 0.07265625
0 0.45234375 0.30234375 0.29375 0.05390625
0 0.41875 0.40546875 0.31015625 0.07265625
0 0.415625 0.471875 0.31015625 0.08046875
0 0.41328125 0.53125 0.321875 0.07421875
0 0.1234375 0.575 0.246875 0.075
0 0.4109375 0.5890625 0.315625 0.0703125
0 0.16015625 0.46953125 0.20546875 0.06015625
0 0.16171875 0.51328125 0.203125 0.0515625
0 0.1390625 0.76875 0.2578125 0.08515625
0 0.13515625 0.834375 0.25546875 0.06640625
0 0.5515625 0.78671875 0.275 0.06640625
0 0.54140625 0.83984375 0.2828125 0.06796875
0 0.54296875 0.71484375 0.28515625 0.08125
0 0.8296875 0.7390625 0.2890625 0.07890625
0 0.84765625 0.8765625 0.296875 0.125
0 0.8265625 0.79375 0.275 0.06796875