0 0.63203125 0.0703125 0.3140625 0.0703125
0 0.640625 0.1328125 0.325 0.0578125
0 0.30078125 0.12421875 0.340625 0.07265625
0 0.32890625 0.4390625 0.32421875 0.075
0 0.6375 0.43515625 0.275 0.0703125
0 0.36875 0.71328125 0.3 0.0875
0 0.63828125 0.6 0.2890625 0.06796875
0 0.6671875 0.659375 0.296875 0.06640625
0 0.67890625 0.72421875 0.303125 0.06640625
0 0.38515625 0.62890625 0.24921875 0.05234375
0 0.3703125 0.9421875 0.28515625 0.1015625
0 0.67109375 0.8859375 0.29140625 0.0765625
0 0.12890625 0.63125 0.2578125 0.05390625