7 0.32421875 0.22265625 0.328125 0.1078125
7 0.3234375 0.30390625 0.31875 0.07890625
7 0.3234375 0.3671875 0.31875 0.0640625
7 0.65078125 0.2359375 0.33046875 0.0765625
7 0.65234375 0.30546875 0.31640625 0.07109375
7 0.6703125 0.3703125 0.36953125 0.0828125
7 0.40234375 0.5265625 0.29375 0.07890625
7 0.328125 0.57578125 0.28515625 0.08984375
7 0.32265625 0.6703125 0.32421875 0.09140625
7 0.65 0.61171875 0.34375 0.09140625
7 0.65 0.684375 0.33828125 0.05390625
7 0.9 0.60625 0.18515625 0.1046875
7 0.8515625 0.884375 0.2828125 0.19140625