7 0.371875 0.284375 0.3390625 0.08125
7 0.37578125 0.35078125 0.33046875 0.06015625
7 0.71875 0.346875 0.3546875 0.07265625
7 0.7234375 0.2703125 0.3640625 0.0828125
7 0.7 0.1453125 0.315625 0.0828125
7 0.68046875 0.2078125 0.29921875 0.05
7 0.39765625 0.175 0.28046875 0.0625
7 0.39453125 0.21953125 0.27421875 0.04765625
7 0.39140625 0.55546875 0.3046875 0.11640625
7 0.39140625 0.64296875 0.321875 0.06640625
7 0.6828125 0.4875 0.29453125 0.06796875
7 0.7046875 0.5765625 0.31640625 0.09140625
7 0.7078125 0.640625 0.31015625 0.05390625
7 0.11796875 0.5796875 0.22421875 0.08046875
7 0.12109375 0.65 0.24140625 0.07265625
7 0.7234375 0.8703125 0.4140625 0.16171875
7 0.3859375 0.86015625 0.265625 0.10859375
7 0.73046875 0.97421875 0.4 0.04140625
7 0.41171875 0.7265625 0.23046875 0.04140625
7 0.41015625 0.76328125 0.228125 0.04375
7 0.65 0.7265625 0.23828125 0.04921875
7 0.6453125 0.7625 0.2296875 0.04921875