0 0.45546875 0.8359375 0.4 0.23125
0 0.80078125 0.70546875 0.33046875 0.12265625
0 0.76015625 0.609375 0.25546875 0.07265625
0 0.76328125 0.55546875 0.24375 0.04765625
0 0.8734375 0.44296875 0.246875 0.09765625
0 0.85625 0.3359375 0.275 0.13046875
0 0.85546875 0.16796875 0.27734375 0.08515625
0 0.84921875 0.23046875 0.28359375 0.07109375
0 0.5640625 0.1703125 0.33515625 0.0953125
0 0.60859375 0.2453125 0.31640625 0.0828125
0 0.5546875 0.3484375 0.41015625 0.1015625
0 0.540625 0.440625 0.39453125 0.06015625
0 0.18671875 0.40859375 0.35859375 0.12734375
0 0.19921875 0.30625 0.378125 0.07890625
0 0.2875 0.24296875 0.390625 0.09609375