0 0.0578125 0.165625 0.078125 0.14375
0 0.22734375 0.15703125 0.271875 0.06015625
0 0.21484375 0.20859375 0.246875 0.05390625
0 0.465625 0.21015625 0.26015625 0.04921875
0 0.725 0.16796875 0.23828125 0.06015625
0 0.7296875 0.21171875 0.26640625 0.04765625
0 0.15625 0.39921875 0.10234375 0.14609375
0 0.48125 0.45078125 0.2578125 0.04765625
0 0.72265625 0.45078125 0.20859375 0.05234375
0 0.13984375 0.59296875 0.096875 0.15390625
0 0.04453125 0.58203125 0.0890625 0.15625
0 0.234375 0.6609375 0.253125 0.06015625
0 0.5046875 0.6546875 0.2390625 0.0640625
0 0.3109375 0.59921875 0.21015625 0.04140625
0 0.71875 0.5765625 0.24453125 0.0453125
0 0.74921875 0.6265625 0.23359375 0.0578125
0 0.75078125 0.678125 0.240625 0.04921875
0 0.11640625 0.7953125 0.121875 0.1265625
0 0.49921875 0.853125 0.23359375 0.0703125
0 0.734375 0.85859375 0.23046875 0.07265625
0 0.73828125 0.81015625 0.23359375 0.08515625
0 0.1265625 0.96640625 0.253125 0.05625