0 0.378125 0.14765625 0.28515625 0.06640625
0 0.6890625 0.11640625 0.328125 0.075
0 0.3734375 0.203125 0.290625 0.04375
0 0.353125 0.2578125 0.3640625 0.0703125
0 0.36953125 0.3296875 0.3390625 0.06875
0 0.684375 0.190625 0.33046875 0.07265625
0 0.71875 0.246875 0.36015625 0.08046875
0 0.7203125 0.32421875 0.353125 0.07265625
0 0.71171875 0.834375 0.3859375 0.19296875
0 0.72734375 0.9609375 0.3890625 0.0640625
0 0.3859375 0.81875 0.26015625 0.12890625
0 0.41171875 0.453125 0.23046875 0.06015625
0 0.16328125 0.4796875 0.23359375 0.06875
0 0.384375 0.559375 0.3078125 0.08515625
0 0.4015625 0.5 0.26015625 0.04140625
0 0.3875 0.621875 0.31328125 0.06015625
0 0.6796875 0.475 0.29453125 0.07421875
0 0.703125 0.55859375 0.328125 0.08984375
0 0.70234375 0.62421875 0.31640625 0.05859375