7 0.19140625 0.24921875 0.2546875 0.0453125
7 0.12890625 0.3046875 0.2578125 0.06875
7 0.13203125 0.3734375 0.2640625 0.06015625
7 0.41796875 0.30390625 0.3296875 0.075
7 0.41875 0.3734375 0.31015625 0.06796875
7 0.86328125 0.29375 0.265625 0.06796875
7 0.8625 0.36640625 0.26875 0.075
7 0.4125 0.55625 0.32421875 0.08515625
7 0.41796875 0.684375 0.3296875 0.06640625
7 0.84453125 0.590625 0.296875 0.0703125
7 0.85234375 0.68046875 0.2890625 0.10390625
7 0.2 0.90703125 0.4 0.17890625
7 0.88203125 0.52578125 0.221875 0.07890625
7 0.45546875 0.24453125 0.26015625 0.05390625