0 0.334375 0.31171875 0.203125 0.04765625
0 0.2890625 0.35234375 0.2390625 0.02890625
0 0.72890625 0.290625 0.2140625 0.06015625
0 0.31875 0.55234375 0.265625 0.05234375
0 0.31796875 0.60390625 0.28046875 0.05390625
0 0.33359375 0.49765625 0.20546875 0.05
0 0.54296875 0.50078125 0.2140625 0.04765625
0 0.77890625 0.6109375 0.28046875 0.0640625
0 0.7703125 0.50390625 0.246875 0.05
0 0.7734375 0.55 0.246875 0.05390625
0 0.7875 0.35234375 0.25234375 0.04765625
0 0.2984375 0.759375 0.24140625 0.07421875
0 0.2734375 0.84609375 0.253125 0.08046875
0 0.54296875 0.78671875 0.253125 0.07890625
0 0.54140625 0.853125 0.26015625 0.05390625
0 0.8 0.78515625 0.2546875 0.07109375
0 0.80234375 0.85 0.26015625 0.06015625
0 0.53125 0.709375 0.21875 0.04140625
0 0.753125 0.709375 0.2 0.04140625