0 0.30234375 0.30390625 0.321875 0.06640625
0 0.3 0.36953125 0.315625 0.06796875
0 0.615625 0.228125 0.325 0.06875
0 0.61875 0.29609375 0.3 0.06640625
0 0.64375 0.36484375 0.3546875 0.06484375
0 0.3859375 0.51484375 0.31015625 0.07890625
0 0.3140625 0.5703125 0.3 0.0875
0 0.29375 0.67265625 0.3328125 0.0703125
0 0.62578125 0.60546875 0.32421875 0.09609375
0 0.628125 0.67890625 0.328125 0.06640625
0 0.88984375 0.60703125 0.2140625 0.09375
0 0.8859375 0.2453125 0.215625 0.0703125
0 0.89140625 0.6796875 0.2046875 0.0640625
0 0.5703125 0.9640625 0.303125 0.06640625
0 0.85546875 0.8578125 0.2828125 0.16171875