0 0.3421875 0.3125 0.19140625 0.05390625
0 0.309375 0.353125 0.24140625 0.06015625
0 0.73828125 0.2890625 0.221875 0.0625
0 0.80078125 0.35703125 0.2640625 0.04765625
0 0.55 0.459375 0.19375 0.04375
0 0.546875 0.50234375 0.20546875 0.05390625
0 0.54921875 0.54296875 0.20546875 0.04609375
0 0.7890625 0.45703125 0.23515625 0.05625
0 0.7828125 0.50625 0.24453125 0.04921875
0 0.7828125 0.553125 0.2328125 0.05625
0 0.79140625 0.61015625 0.278125 0.06640625
0 0.32890625 0.5515625 0.253125 0.0578125
0 0.328125 0.60859375 0.278125 0.05390625
0 0.31171875 0.75703125 0.23046875 0.06015625
0 0.284375 0.8359375 0.2578125 0.09375
0 0.321875 0.71328125 0.2 0.0265625
0 0.53828125 0.71015625 0.221875 0.03671875
0 0.5421875 0.73828125 0.2140625 0.04296875
0 0.553125 0.79140625 0.25546875 0.0578125
0 0.55078125 0.85078125 0.26875 0.0640625
0 0.759375 0.70546875 0.2078125 0.05859375
0 0.8125 0.784375 0.246875 0.07265625
0 0.81484375 0.8515625 0.246875 0.0625
0 0.93984375 0.74453125 0.1140625 0.08515625