7 0.3234375 0.27890625 0.3734375 0.06171875
7 0.1015625 0.51640625 0.203125 0.0578125
7 0.66328125 0.5125 0.2890625 0.05390625
7 0.6609375 0.4234375 0.26171875 0.04375
7 0.6515625 0.46484375 0.26640625 0.04140625
7 0.75078125 0.77265625 0.35546875 0.07734375
7 0.39375 0.76484375 0.359375 0.07265625
7 0.67890625 0.71328125 0.29921875 0.04765625
7 0.390625 0.6625 0.26171875 0.05390625
7 0.6609375 0.64453125 0.2484375 0.0515625
7 0.11015625 0.93046875 0.21484375 0.07265625
7 0.38671875 0.92734375 0.29921875 0.0703125
7 0.3609375 0.97109375 0.34375 0.05
7 0.69296875 0.965625 0.32578125 0.0640625
7 0.69140625 0.915625 0.28046875 0.05546875