0 0.4859375 0.14453125 0.315625 0.09765625
0 0.51640625 0.38984375 0.35 0.07734375
0 0.50546875 0.46953125 0.36015625 0.0765625
0 0.5125 0.5421875 0.36875 0.0640625
0 0.46328125 0.640625 0.465625 0.12265625
0 0.19609375 0.40234375 0.271875 0.05390625
0 0.1625 0.4625 0.31875 0.075
0 0.16796875 0.5328125 0.325 0.0625
0 0.51171875 0.91171875 0.40859375 0.13359375
0 0.16796875 0.82265625 0.3296875 0.06640625
0 0.4875 0.82734375 0.36328125 0.05390625
0 0.81484375 0.87421875 0.3140625 0.18515625
0 0.15390625 0.92265625 0.296875 0.12890625