0 0.1765625 0.32265625 0.2328125 0.0453125
0 0.2375 0.2890625 0.21328125 0.0328125
0 0.2203125 0.2421875 0.225 0.04296875
0 0.4671875 0.26796875 0.296875 0.06015625
0 0.46171875 0.31875 0.303125 0.04921875
0 0.715625 0.22734375 0.2390625 0.03984375
0 0.76484375 0.26875 0.29140625 0.0625
0 0.80390625 0.3015625 0.346875 0.0703125
0 0.18125 0.840625 0.26953125 0.06796875
0 0.1859375 0.7734375 0.315625 0.0640625
0 0.57578125 0.85859375 0.28046875 0.06484375
0 0.58671875 0.7984375 0.28046875 0.0765625
0 0.571875 0.72734375 0.2828125 0.07734375
0 0.8578125 0.7453125 0.278125 0.0828125
0 0.84765625 0.80625 0.275 0.06640625
0 0.859375 0.89453125 0.275 0.1140625
0 0.81796875 0.47109375 0.15234375 0.03984375
0 0.8140625 0.51796875 0.1578125 0.04609375
0 0.7953125 0.57109375 0.18515625 0.06484375
0 0.1484375 0.59296875 0.28515625 0.08515625
0 0.21015625 0.52421875 0.228125 0.05859375
0 0.2109375 0.48125 0.2390625 0.05390625
0 0.19765625 0.42734375 0.20859375 0.05234375
0 0.0578125 0.51953125 0.1046875 0.04375
0 0.446875 0.60859375 0.31640625 0.06640625
0 0.446875 0.54453125 0.3390625 0.06015625
0 0.44609375 0.47265625 0.321875 0.0578125
0 0.453125 0.415625 0.31953125 0.07265625
0 0.053125 0.48046875 0.1 0.04765625