0 0.16953125 0.15546875 0.19375 0.06015625
0 0.165625 0.21015625 0.196875 0.04140625
0 0.42578125 0.084375 0.25 0.06796875
0 0.40625 0.159375 0.31015625 0.08515625
0 0.39453125 0.225 0.33828125 0.05390625
0 0.771875 0.05078125 0.4140625 0.09375
0 0.7578125 0.13125 0.43046875 0.075
0 0.75859375 0.20390625 0.39375 0.10390625
0 0.140625 0.35078125 0.2640625 0.06796875
0 0.42734375 0.34296875 0.26953125 0.08359375
0 0.73125 0.34140625 0.328125 0.08671875
0 0.7171875 0.40234375 0.36640625 0.07890625
0 0.74765625 0.4703125 0.378125 0.0875
0 0.39921875 0.39609375 0.31953125 0.08984375
0 0.13515625 0.42109375 0.246875 0.05390625
0 0.1140625 0.4671875 0.228125 0.06796875
0 0.12109375 0.54921875 0.2421875 0.08359375
0 0.390625 0.47265625 0.346875 0.075
0 0.4078125 0.54765625 0.303125 0.075
0 0.76171875 0.55078125 0.34453125 0.08515625
0 0.184375 0.65234375 0.2 0.07890625
0 0.16171875 0.709375 0.24453125 0.04296875
0 0.13125 0.77265625 0.25546875 0.0828125
0 0.13671875 0.83984375 0.26015625 0.06640625
0 0.43125 0.6453125 0.26015625 0.0875
0 0.43359375 0.7015625 0.265625 0.075
0 0.409375 0.77109375 0.3 0.07734375
0 0.41015625 0.83515625 0.3140625 0.07890625
0 0.71015625 0.66484375 0.3078125 0.09140625
0 0.7390625 0.76484375 0.31015625 0.11484375
0 0.73125 0.83359375 0.30546875 0.07890625
0 0.6796875 0.92578125 0.2578125 0.06875
0 0.42734375 0.934375 0.24140625 0.08046875