0 0.28046875 0.29921875 0.20546875 0.05859375
0 0.68828125 0.2796875 0.22734375 0.0640625
0 0.2609375 0.55078125 0.2890625 0.05546875
0 0.26640625 0.60078125 0.29375 0.05625
0 0.72734375 0.59765625 0.2828125 0.07265625
0 0.490625 0.49609375 0.2140625 0.04765625
0 0.496875 0.540625 0.20546875 0.04140625
0 0.721875 0.49765625 0.24375 0.05625
0 0.725 0.53984375 0.25 0.04765625
0 0.24609375 0.75859375 0.253125 0.0765625
0 0.21796875 0.84375 0.290625 0.08515625
0 0.49140625 0.7828125 0.26640625 0.07890625
0 0.48359375 0.846875 0.2890625 0.06640625
0 0.746875 0.78046875 0.2828125 0.07890625
0 0.75390625 0.8453125 0.2640625 0.06640625
0 0.23203125 0.34765625 0.25859375 0.04609375
0 0.7390625 0.3421875 0.26640625 0.04296875