0 0.23046875 0.24765625 0.359375 0.0578125
0 0.60546875 0.20390625 0.359375 0.05390625
0 0.596875 0.2515625 0.36640625 0.04921875
0 0.26484375 0.50078125 0.3296875 0.05625
0 0.634375 0.50546875 0.3140625 0.05859375
0 0.27109375 0.73046875 0.33671875 0.0875
0 0.58984375 0.6453125 0.359375 0.06640625
0 0.6109375 0.7078125 0.36171875 0.07421875
0 0.61328125 0.7625 0.3890625 0.08046875
0 0.26875 0.94453125 0.33671875 0.10390625
0 0.61796875 0.915625 0.33984375 0.1125
0 0.1 0.6390625 0.2 0.06640625
0 0.35859375 0.6140625 0.303125 0.0453125
0 0.31328125 0.6578125 0.22578125 0.0578125