0 0.62890625 0.81796875 0.246875 0.08515625
0 0.63125 0.87578125 0.246875 0.06015625
0 0.85859375 0.85703125 0.22421875 0.13046875
0 0.3828125 0.8671875 0.26015625 0.0640625
0 0.39765625 0.79453125 0.253125 0.0640625
0 0.04140625 0.8171875 0.078125 0.15625
0 0.02890625 0.58203125 0.0578125 0.13125
0 0.05234375 0.38828125 0.09375 0.1640625
0 0.88125 0.6609375 0.2296875 0.0640625
0 0.63125 0.67265625 0.2296875 0.06640625
0 0.621875 0.61796875 0.25546875 0.05859375
0 0.803125 0.56953125 0.178125 0.05625
0 0.6109375 0.5640625 0.26015625 0.0625
0 0.1375 0.1171875 0.26328125 0.0640625
0 0.1125 0.13203125 0.21875 0.0765625
0 0.1015625 0.18515625 0.203125 0.0578125
0 0.359375 0.1453125 0.21875 0.0375
0 0.3234375 0.18359375 0.28515625 0.06484375
0 0.59765625 0.1421875 0.28046875 0.05625
0 0.6015625 0.18984375 0.275 0.05234375
0 0.86796875 0.1890625 0.25234375 0.0578125
0 0.35703125 0.4453125 0.29921875 0.0578125
0 0.6328125 0.428125 0.24453125 0.07265625
0 0.93125 0.35859375 0.125 0.04140625
0 0.92578125 0.39765625 0.140625 0.05390625
0 0.3828125 0.659375 0.24453125 0.08515625
0 0.115625 0.6640625 0.225 0.0703125
0 0.1859375 0.59765625 0.215625 0.05390625
0 0.4 0.55625 0.221875 0.05
0 0.39765625 0.6 0.203125 0.03671875