0 0.46875 0.22890625 0.33125 0.09375
0 0.478125 0.309375 0.321875 0.07109375
0 0.4828125 0.37578125 0.33359375 0.06953125
0 0.78125 0.1875 0.28828125 0.05390625
0 0.8171875 0.38828125 0.36015625 0.078125
0 0.80234375 0.24609375 0.33984375 0.07578125
0 0.7984375 0.3125 0.3140625 0.0734375
0 0.23984375 0.5859375 0.18515625 0.14375
0 0.534375 0.53671875 0.3 0.07578125
0 0.46328125 0.584375 0.2828125 0.08671875
0 0.46484375 0.67734375 0.33828125 0.0984375
0 0.76171875 0.52890625 0.284375 0.08984375
0 0.7984375 0.62265625 0.340625 0.09140625
0 0.803125 0.69609375 0.3234375 0.06171875