0 0.3984375 0.17734375 0.325 0.07890625
0 0.39296875 0.2421875 0.33046875 0.05625
0 0.76640625 0.07109375 0.40546875 0.11640625
0 0.7625 0.1515625 0.3796875 0.11171875
0 0.759375 0.22109375 0.39140625 0.08984375
0 0.1265625 0.42265625 0.253125 0.06640625
0 0.41640625 0.42265625 0.26640625 0.05390625
0 0.39140625 0.49609375 0.3328125 0.08984375
0 0.40390625 0.5640625 0.32421875 0.0703125
0 0.11796875 0.5609375 0.2359375 0.08046875
0 0.1234375 0.48515625 0.246875 0.06640625
0 0.7234375 0.35 0.31953125 0.08671875
0 0.7140625 0.41953125 0.31640625 0.0515625
0 0.74140625 0.49296875 0.35 0.08359375
0 0.75078125 0.56953125 0.35234375 0.06796875
0 0.125 0.77734375 0.25 0.1015625
0 0.13046875 0.853125 0.25546875 0.04140625
0 0.415625 0.7953125 0.3140625 0.0703125
0 0.7359375 0.77578125 0.328125 0.09375
0 0.71328125 0.6890625 0.2828125 0.0828125
0 0.4125 0.84453125 0.32421875 0.059375
0 0.734375 0.85 0.3078125 0.0625
0 0.4234375 0.73828125 0.296875 0.0390625
0 0.4234375 0.68515625 0.2796875 0.04921875