0 0.5140625 0.2828125 0.3484375 0.0625
0 0.8484375 0.22890625 0.29609375 0.06171875
0 0.8484375 0.2875 0.29609375 0.05390625
0 0.19453125 0.4265625 0.25078125 0.0453125
0 0.18671875 0.47109375 0.26171875 0.05234375
0 0.184375 0.51796875 0.30390625 0.04765625
0 0.49453125 0.47265625 0.31015625 0.0578125
0 0.50078125 0.53046875 0.3 0.06015625
0 0.83046875 0.42578125 0.32109375 0.0515625
0 0.82109375 0.48046875 0.31875 0.06015625
0 0.83046875 0.53359375 0.32109375 0.06484375
0 0.5140625 0.6875 0.30390625 0.07890625
0 0.51796875 0.746875 0.325 0.06015625
0 0.21640625 0.65390625 0.2546875 0.05
0 0.19921875 0.72109375 0.3109375 0.05390625
0 0.221875 0.7828125 0.3484375 0.07421875
0 0.82109375 0.6484375 0.303125 0.05625
0 0.82734375 0.6984375 0.29921875 0.0515625
0 0.84140625 0.76328125 0.29921875 0.0765625
0 0.221875 0.9140625 0.2734375 0.0703125
0 0.2046875 0.97109375 0.321875 0.05390625
0 0.51796875 0.93046875 0.2890625 0.04609375
0 0.51953125 0.97421875 0.3 0.04765625
0 0.82734375 0.89609375 0.32109375 0.05390625
0 0.83671875 0.94609375 0.31875 0.05234375
0 0.834375 0.97890625 0.3140625 0.0328125