7 0.3078125 0.1921875 0.2046875 0.0640625
7 0.309375 0.24765625 0.18046875 0.05390625
7 0.55234375 0.1890625 0.321875 0.0875
7 0.55 0.25859375 0.33515625 0.06640625
7 0.859375 0.09296875 0.275 0.14609375
7 0.8609375 0.17109375 0.271875 0.11640625
7 0.8625 0.2421875 0.26328125 0.09375
7 0.28984375 0.38203125 0.26875 0.06796875
7 0.55859375 0.3796875 0.26640625 0.0640625
7 0.24765625 0.4453125 0.32421875 0.0828125
7 0.55625 0.44375 0.2796875 0.0625
7 0.2515625 0.5015625 0.303125 0.06171875
7 0.22578125 0.578125 0.340625 0.09765625
7 0.55390625 0.51640625 0.346875 0.0875
7 0.55234375 0.59140625 0.34921875 0.09140625
7 0.85234375 0.37890625 0.2890625 0.06640625
7 0.84765625 0.44609375 0.296875 0.07890625
7 0.86328125 0.51640625 0.265625 0.0953125
7 0.86328125 0.59453125 0.265625 0.07265625
7 0.24296875 0.803125 0.3296875 0.09765625
7 0.10703125 0.7078125 0.2140625 0.07421875
7 0.2359375 0.87578125 0.315625 0.0765625
7 0.553125 0.7390625 0.28515625 0.0703125
7 0.55234375 0.8140625 0.3390625 0.0953125
7 0.5578125 0.8859375 0.3328125 0.09375
7 0.840625 0.71953125 0.31015625 0.08515625
7 0.85703125 0.81640625 0.271875 0.11640625
7 0.8609375 0.8953125 0.271875 0.0828125