0 0.2328125 0.07265625 0.3328125 0.0828125
0 0.2359375 0.1296875 0.3390625 0.06875
0 0.565625 0.13046875 0.31015625 0.07109375
0 0.29296875 0.43359375 0.2796875 0.06640625
0 0.75625 0.3328125 0.22421875 0.0453125
0 0.74375 0.37890625 0.22734375 0.04921875
0 0.77890625 0.42734375 0.246875 0.05234375
0 0.08046875 0.70546875 0.16015625 0.09765625
0 0.084375 0.57890625 0.16875 0.0578125
0 0.28671875 0.60234375 0.33046875 0.06640625
0 0.5578125 0.58828125 0.21015625 0.06015625
0 0.796875 0.63828125 0.2328125 0.0640625
0 0.878125 0.69375 0.23515625 0.07890625
0 0.3015625 0.65703125 0.31015625 0.0765625
0 0.31796875 0.721875 0.3078125 0.07265625
0 0.575 0.65078125 0.24375 0.06015625
0 0.62421875 0.690625 0.28359375 0.08046875
0 0.1140625 0.84609375 0.228125 0.0828125
0 0.32890625 0.878125 0.27421875 0.0890625
0 0.328125 0.93984375 0.26953125 0.07421875
0 0.59375 0.85859375 0.22734375 0.05859375
0 0.80078125 0.84296875 0.246875 0.06796875
0 0.85234375 0.9078125 0.2890625 0.09375
0 0.60546875 0.925 0.27734375 0.07421875