0 0.28046875 0.09140625 0.37421875 0.08828125
0 0.575 0.33203125 0.225 0.05234375
0 0.5625 0.3734375 0.225 0.05078125
0 0.58671875 0.42578125 0.246875 0.06328125
0 0.8765625 0.4359375 0.240625 0.06328125
0 0.1 0.76328125 0.196875 0.08515625
0 0.34921875 0.60546875 0.23828125 0.05
0 0.35234375 0.67890625 0.26953125 0.07578125
0 0.37578125 0.728125 0.3171875 0.103125
0 0.609375 0.65234375 0.23359375 0.078125
0 0.69375 0.728125 0.3046875 0.103125
0 0.87421875 0.6265625 0.2421875 0.078125
0 0.86640625 0.68203125 0.26171875 0.06875
0 0.36796875 0.965625 0.275 0.06015625
0 0.37109375 0.9015625 0.26640625 0.06875
0 0.115625 0.9390625 0.225 0.11015625
0 0.6453125 0.94453125 0.2640625 0.1
0 0.88203125 0.946875 0.2296875 0.096875
0 0.60859375 0.871875 0.24453125 0.0734375
0 0.57890625 0.5765625 0.2015625 0.05546875
0 0.87578125 0.37421875 0.2390625 0.0640625