0 0.24453125 0.88984375 0.446875 0.21640625
0 0.57578125 0.93828125 0.21875 0.11015625
0 0.18828125 0.2859375 0.29375 0.0890625
0 0.2515625 0.2328125 0.253125 0.06171875
0 0.19296875 0.359375 0.325 0.06796875
0 0.52578125 0.1890625 0.246875 0.0578125
0 0.5125 0.23515625 0.26015625 0.05390625
0 0.49375 0.28828125 0.3046875 0.07265625
0 0.50078125 0.35625 0.3140625 0.075
0 0.8984375 0.19921875 0.190625 0.09609375
0 0.90078125 0.28359375 0.190625 0.07890625
0 0.89140625 0.34765625 0.2046875 0.07890625
0 0.09765625 0.45859375 0.18046875 0.04140625
0 0.1 0.4921875 0.171875 0.0390625
0 0.103125 0.5375 0.1640625 0.05390625
0 0.2796875 0.4734375 0.19453125 0.0515625
0 0.27578125 0.51640625 0.190625 0.05390625
0 0.23671875 0.58203125 0.2359375 0.0765625
0 0.47578125 0.5234375 0.32421875 0.1015625
0 0.465625 0.6015625 0.3390625 0.0625
0 0.49140625 0.6671875 0.328125 0.0765625
0 0.70234375 0.56328125 0.1390625 0.1265625
0 0.85078125 0.48125 0.246875 0.075
0 0.909375 0.51484375 0.175 0.07734375
0 0.8765625 0.57890625 0.2328125 0.0875
0 0.88125 0.66015625 0.2078125 0.08671875