7 0.15 0.14765625 0.27578125 0.06484375
7 0.13984375 0.19609375 0.25859375 0.05234375
7 0.40546875 0.196875 0.26484375 0.05234375
7 0.4265625 0.16171875 0.21796875 0.02890625
7 0.66796875 0.15625 0.2578125 0.0671875
7 0.66953125 0.203125 0.2578125 0.04921875
7 0.89921875 0.20078125 0.19765625 0.05234375
7 0.0796875 0.39375 0.12421875 0.1546875
7 0.41328125 0.4453125 0.24453125 0.05703125
7 0.66328125 0.44296875 0.21796875 0.053125
7 0.66640625 0.575 0.240625 0.05390625
7 0.9078125 0.66640625 0.1796875 0.06953125
7 0.8625 0.5828125 0.15546875 0.04140625
7 0.690625 0.62734375 0.246875 0.05546875
7 0.696875 0.678125 0.24453125 0.05546875
7 0.453125 0.5609375 0.2 0.03984375
7 0.45625 0.60078125 0.2015625 0.03984375
7 0.44375 0.65859375 0.2421875 0.07578125
7 0.2484375 0.5953125 0.2125 0.04765625
7 0.06484375 0.5890625 0.103125 0.1515625
7 0.165625 0.6640625 0.24453125 0.07265625
7 0.278125 0.54453125 0.16640625 0.03828125
7 0.05859375 0.8078125 0.115625 0.13515625
7 0.43828125 0.85859375 0.2359375 0.07734375
7 0.46015625 0.78984375 0.21640625 0.06171875
7 0.6875 0.8203125 0.246875 0.07109375
7 0.6875 0.87421875 0.23046875 0.05546875
7 0.89921875 0.8828125 0.19921875 0.05546875