0 0.234375 0.16171875 0.4578125 0.12109375
0 0.2359375 0.24765625 0.465625 0.175
0 0.23984375 0.375 0.46875 0.12890625
0 0.23125 0.053125 0.45234375 0.10625
0 0.725 0.06953125 0.53828125 0.13515625
0 0.725 0.240625 0.53828125 0.19375
0 0.734375 0.37890625 0.525 0.11640625
0 0.25625 0.6234375 0.4296875 0.1765625
0 0.69765625 0.63515625 0.453125 0.14140625
0 0.69765625 0.51015625 0.43046875 0.0953125
0 0.66796875 0.890625 0.43515625 0.20625
0 0.6921875 0.71796875 0.41953125 0.07109375
0 0.2703125 0.71953125 0.4078125 0.0765625
0 0.32734375 0.80625 0.3390625 0.10390625