0 0.7140625 0.2046875 0.25 0.04375
0 0.7078125 0.15625 0.26640625 0.04921875
0 0.20078125 0.14765625 0.26875 0.05390625
0 0.196875 0.19765625 0.25 0.05390625
0 0.45 0.196875 0.24921875 0.05546875
0 0.034375 0.15 0.06875 0.14140625
0 0.4703125 0.44765625 0.253125 0.0578125
0 0.71640625 0.43984375 0.221875 0.05234375
0 0.13515625 0.38984375 0.1 0.15234375
0 0.0375 0.390625 0.075 0.15625
0 0.11328125 0.5921875 0.10546875 0.1640625
0 0.03984375 0.5859375 0.0640625 0.1640625
0 0.7125 0.5703125 0.240625 0.0453125
0 0.728125 0.62109375 0.25546875 0.05390625
0 0.73828125 0.6734375 0.25546875 0.0640625
0 0.21953125 0.65625 0.246875 0.06640625
0 0.28671875 0.5890625 0.23046875 0.0375
0 0.496875 0.55703125 0.20546875 0.04765625
0 0.490625 0.65546875 0.253125 0.06015625
0 0.72734375 0.8125 0.221875 0.0625
0 0.721875 0.85390625 0.21640625 0.05
0 0.47578125 0.84765625 0.240625 0.0703125
0 0.509375 0.78359375 0.2140625 0.05390625
0 0.103125 0.8 0.128125 0.12890625
0 0.91796875 0.8578125 0.15234375 0.0703125