0 0.221875 0.2515625 0.23828125 0.0734375
0 0.15078125 0.3203125 0.2296875 0.04765625
0 0.45 0.2734375 0.284375 0.07109375
0 0.47265625 0.321875 0.28359375 0.04921875
0 0.703125 0.2390625 0.2125 0.0546875
0 0.765625 0.2703125 0.3125 0.06953125
0 0.80546875 0.3125 0.34609375 0.07109375
0 0.134375 0.6 0.26875 0.071875
0 0.18671875 0.53984375 0.20703125 0.0546875
0 0.1765625 0.4890625 0.228125 0.0515625
0 0.1828125 0.43515625 0.209375 0.05703125
0 0.44140625 0.42265625 0.32734375 0.07265625
0 0.4421875 0.48984375 0.32734375 0.06953125
0 0.440625 0.55625 0.325 0.06640625
0 0.4375 0.61875 0.3296875 0.0640625
0 0.80078125 0.56953125 0.14609375 0.04296875
0 0.80703125 0.52578125 0.1359375 0.04609375
0 0.803125 0.4796875 0.1265625 0.03984375
0 0.16171875 0.79140625 0.2828125 0.08984375
0 0.159375 0.8609375 0.284375 0.0640625
0 0.5625 0.7421875 0.28828125 0.07421875
0 0.5734375 0.80859375 0.28046875 0.06328125
0 0.5703125 0.865625 0.271875 0.07109375
0 0.85 0.74765625 0.2953125 0.0890625
0 0.8546875 0.81640625 0.27578125 0.06171875
0 0.859375 0.8984375 0.27421875 0.10703125