0 0.33359375 0.446875 0.43359375 0.63359375
0 0.6765625 0.48515625 0.346875 0.5765625
0 0.09140625 0.34296875 0.15 0.13984375
0 0.90703125 0.41484375 0.153125 0.196875
0 0.93828125 0.53515625 0.1234375 0.21015625
0 0.9015625 0.746875 0.16328125 0.21328125
0 0.8296875 0.928125 0.2 0.14296875
0 0.76484375 0.18359375 0.13671875 0.16640625
0 0.71015625 0.0984375 0.1203125 0.1765625
0 0.59296875 0.13359375 0.1203125 0.16015625
0 0.14296875 0.1 0.153125 0.16640625
0 0.078125 0.25 0.15 0.146875
0 0.4265625 0.1046875 0.1265625 0.18359375
0 0.53984375 0.08515625 0.1265625 0.15703125