0 0.853125 0.61796875 0.13359375 0.28359375
0 0.8734375 0.4765625 0.1265625 0.30703125
0 0.71640625 0.421875 0.153125 0.3234375
0 0.68359375 0.571875 0.1265625 0.23671875
0 0.725 0.73359375 0.1234375 0.20703125
0 0.55859375 0.3453125 0.14296875 0.35
0 0.58203125 0.78828125 0.15 0.21015625
0 0.43515625 0.8 0.14296875 0.18671875
0 0.28984375 0.73515625 0.16640625 0.23671875
0 0.31640625 0.5515625 0.13984375 0.28359375
0 0.16171875 0.6046875 0.14296875 0.2765625
0 0.40703125 0.3453125 0.146875 0.33671875
0 0.26015625 0.421875 0.153125 0.3234375
0 0.11015625 0.4734375 0.16640625 0.33984375