0 0.56171875 0.21171875 0.14296875 0.2234375
0 0.396875 0.21015625 0.13984375 0.21328125
0 0.23984375 0.21171875 0.13984375 0.21640625
0 0.571875 0.4734375 0.13671875 0.21328125
0 0.4203125 0.471875 0.13359375 0.21640625
0 0.26484375 0.4703125 0.13671875 0.21328125
0 0.11015625 0.471875 0.13359375 0.21640625
0 0.21328125 0.91796875 0.08671875 0.13671875
0 0.1296875 0.91640625 0.09296875 0.13984375
0 0.0765625 0.88515625 0.08671875 0.13671875
0 0.425 0.896875 0.08359375 0.13359375
0 0.4953125 0.91796875 0.096875 0.13671875
0 0.58671875 0.78671875 0.10703125 0.1203125
0 0.6046875 0.8984375 0.103125 0.16328125
0 0.93203125 0.91328125 0.1296875 0.16640625
0 0.81328125 0.8953125 0.1265625 0.16328125
0 0.878125 0.7953125 0.11015625 0.11015625