0 0.8453125 0.43671875 0.1765625 0.39296875
0 0.6515625 0.38359375 0.1703125 0.51328125
0 0.478125 0.19140625 0.096875 0.28359375
0 0.3734375 0.23984375 0.08671875 0.21328125
0 0.271875 0.21015625 0.103125 0.246875
0 0.175 0.23984375 0.08359375 0.19296875
0 0.0796875 0.228125 0.09296875 0.21015625
0 0.48984375 0.5015625 0.09296875 0.18359375
0 0.4015625 0.51171875 0.08984375 0.1765625
0 0.3015625 0.503125 0.08984375 0.19296875
0 0.1984375 0.5 0.08359375 0.19296875
0 0.0796875 0.48984375 0.09296875 0.19296875
0 0.48828125 0.7984375 0.11015625 0.24296875
0 0.38671875 0.81484375 0.09296875 0.203125
0 0.3 0.8265625 0.08671875 0.18671875
0 0.21328125 0.83359375 0.0796875 0.16640625
0 0.13984375 0.83984375 0.0734375 0.153125
0 0.0703125 0.85 0.06015625 0.13359375