0 0.66328125 0.16640625 0.1265625 0.23984375
0 0.5453125 0.16484375 0.1234375 0.24296875
0 0.421875 0.16328125 0.11640625 0.23359375
0 0.3 0.16171875 0.1265625 0.23671875
0 0.73828125 0.38984375 0.1234375 0.246875
0 0.61796875 0.39296875 0.1234375 0.23984375
0 0.4953125 0.39140625 0.1234375 0.23671875
0 0.3734375 0.38671875 0.1203125 0.23984375
0 0.253125 0.38671875 0.1265625 0.23984375
0 0.796875 0.60703125 0.1203125 0.246875
0 0.678125 0.61328125 0.1234375 0.23359375
0 0.56171875 0.61171875 0.11640625 0.2296875
0 0.44140625 0.61171875 0.1296875 0.23671875
0 0.31640625 0.61015625 0.1265625 0.23359375
0 0.1953125 0.60859375 0.1234375 0.24296875
0 0.853125 0.8265625 0.1265625 0.253125
0 0.73671875 0.83359375 0.1265625 0.23359375
0 0.61640625 0.83671875 0.1265625 0.23359375
0 0.4953125 0.83671875 0.1296875 0.23984375
0 0.3734375 0.83515625 0.1203125 0.24296875
0 0.2546875 0.8296875 0.1234375 0.23359375
0 0.13828125 0.821875 0.1234375 0.25