5 0.19765625 0.446875 0.246875 0.1609375
5 0.321875 0.33203125 0.128125 0.23125
5 0.315625 0.54296875 0.128125 0.203125
5 0.41640625 0.3359375 0.121875 0.215625
5 0.39921875 0.53203125 0.15625 0.196875
5 0.51328125 0.578125 0.128125 0.25
5 0.50703125 0.3390625 0.140625 0.221875
5 0.61484375 0.57890625 0.128125 0.246875
5 0.60546875 0.34296875 0.140625 0.23125
5 0.72265625 0.575 0.090625 0.2890625
5 0.74375 0.35546875 0.071875 0.15
5 0.79140625 0.29296875 0.109375 0.23125
5 0.83984375 0.546875 0.096875 0.2671875