0 0.8296875 0.47421875 0.246875 0.1703125
0 0.73203125 0.44296875 0.109375 0.2328125
0 0.76328125 0.64765625 0.15625 0.184375
0 0.6546875 0.69765625 0.1484375 0.215625
0 0.64609375 0.471875 0.13125 0.24375
0 0.553125 0.7046875 0.121875 0.215625
0 0.546875 0.4671875 0.13125 0.246875
0 0.453125 0.7015625 0.13125 0.228125
0 0.45546875 0.46171875 0.13125 0.24375
0 0.34921875 0.71171875 0.103125 0.2359375
0 0.34140625 0.4703125 0.09375 0.2328125
0 0.22421875 0.69453125 0.084375 0.19375
0 0.24765625 0.47890625 0.0875 0.228125