0 0.5796875 0.18359375 0.1390625 0.1953125
0 0.46328125 0.2671875 0.1640625 0.1421875
0 0.66484375 0.30859375 0.253125 0.0921875
0 0.421875 0.3671875 0.184375 0.125
0 0.64375 0.41171875 0.2328125 0.071875
0 0.39921875 0.47421875 0.221875 0.109375
0 0.63359375 0.5078125 0.253125 0.084375
0 0.3609375 0.59140625 0.2359375 0.0828125
0 0.6125 0.6078125 0.240625 0.075
0 0.3625 0.70546875 0.21875 0.078125
0 0.60234375 0.7015625 0.240625 0.075
0 0.36796875 0.80234375 0.2015625 0.078125
0 0.578125 0.79453125 0.190625 0.0734375
0 0.38203125 0.89609375 0.209375 0.0734375
0 0.546875 0.87265625 0.115625 0.053125