0 0.4140625 0.20234375 0.1109375 0.196875
0 0.309375 0.29296875 0.18125 0.0859375
0 0.49296875 0.28203125 0.1921875 0.103125
0 0.521875 0.396875 0.221875 0.06875
0 0.2890625 0.38984375 0.234375 0.071875
0 0.5265625 0.48984375 0.2359375 0.075
0 0.30859375 0.465625 0.1953125 0.09375
0 0.51796875 0.56796875 0.225 0.0859375
0 0.303125 0.565625 0.1953125 0.08125
0 0.50703125 0.66015625 0.203125 0.075
0 0.30546875 0.65390625 0.1953125 0.0875
0 0.296875 0.75078125 0.1953125 0.06875
0 0.49453125 0.75546875 0.2 0.0734375
0 0.4734375 0.88671875 0.146875 0.05625
0 0.32265625 0.85546875 0.1328125 0.0921875