5 0.80234375 0.553125 0.246875 0.1609375
5 0.678125 0.66796875 0.128125 0.23125
5 0.684375 0.45703125 0.128125 0.203125
5 0.58359375 0.6640625 0.121875 0.215625
5 0.60078125 0.46796875 0.15625 0.196875
5 0.48671875 0.421875 0.128125 0.25
5 0.49296875 0.6609375 0.140625 0.221875
5 0.38515625 0.42109375 0.128125 0.246875
5 0.39453125 0.65703125 0.140625 0.23125
5 0.27734375 0.425 0.090625 0.2890625
5 0.25625 0.64453125 0.071875 0.15
5 0.20859375 0.70703125 0.109375 0.23125
5 0.16015625 0.453125 0.096875 0.265625