0 0.04296875 0.3375 0.0734375 0.14609375
0 0.15625 0.415625 0.159375 0.30625
0 0.37421875 0.35234375 0.2390625 0.2
0 0.37265625 0.115625 0.2015625 0.19765625
0 0.2875 0.76171875 0.04375 0.18125
0 0.6765625 0.8125 0.228125 0.2375
0 0.74296875 0.14921875 0.1328125 0.20625
0 0.59609375 0.23671875 0.1359375 0.16015625
0 0.6046875 0.48125 0.115625 0.125
0 0.41328125 0.559375 0.1765625 0.17734375
0 0.56796875 0.08203125 0.0578125 0.06484375
0 0.18203125 0.15390625 0.0828125 0.125
0 0.02578125 0.61328125 0.0515625 0.19765625