0 0.17578125 0.24296875 0.0828125 0.09765625
0 0.59140625 0.39140625 0.0734375 0.10390625
0 0.1375 0.121875 0.159375 0.24375
0 0.0546875 0.31953125 0.109375 0.12265625
0 0.34375 0.39609375 0.13125 0.15390625
0 0.490625 0.19609375 0.146875 0.13359375
0 0.56328125 0.121875 0.0421875 0.08515625
0 0.74609375 0.19375 0.1515625 0.13359375
0 0.83046875 0.33359375 0.1265625 0.1
0 0.79453125 0.52578125 0.0828125 0.15234375
0 0.315625 0.61484375 0.178125 0.15859375
0 0.32109375 0.85234375 0.0734375 0.175
0 0.70703125 0.80859375 0.2796875 0.29140625