0 0.01796875 0.31875 0.0359375 0.13359375
0 0.096875 0.453125 0.14375 0.31015625
0 0.23828125 0.79453125 0.0296875 0.18125
0 0.44296875 0.64765625 0.2328125 0.18359375
0 0.6421875 0.80859375 0.1625 0.24609375
0 0.73125 0.51015625 0.084375 0.15
0 0.8 0.29921875 0.071875 0.14765625
0 0.684375 0.159375 0.128125 0.14375
0 0.40546875 0.15234375 0.1421875 0.14609375
0 0.49765625 0.421875 0.1015625 0.09375
0 0.13671875 0.271875 0.0671875 0.06484375
0 0.5296875 0.1 0.053125 0.09140625
0 0.253125 0.36953125 0.1125 0.17734375