0 0.06640625 0.62421875 0.1265625 0.16484375
0 0.353125 0.46953125 0.040625 0.05625
0 0.40703125 0.575 0.0953125 0.175
0 0.56640625 0.46640625 0.0765625 0.05
0 0.621875 0.55546875 0.084375 0.08984375
0 0.853125 0.50859375 0.08125 0.075
0 0.93515625 0.475 0.0890625 0.08359375
0 0.56015625 0.71875 0.1796875 0.22109375
0 0.82734375 0.72890625 0.1796875 0.15
0 0.36015625 0.253125 0.1765625 0.17734375
0 0.10234375 0.26171875 0.2046875 0.26015625
0 0.740625 0.18359375 0.20625 0.1625
0 0.42109375 0.09453125 0.1203125 0.14375