0 0.07265625 0.44609375 0.1140625 0.06640625
0 0.309375 0.65625 0.065625 0.16640625
0 0.66171875 0.48828125 0.0953125 0.13984375
0 0.771875 0.621875 0.128125 0.14375
0 0.90859375 0.5875 0.1390625 0.20390625
0 0.54140625 0.23984375 0.1609375 0.175
0 0.36640625 0.4125 0.2296875 0.22890625
0 0.20078125 0.309375 0.1421875 0.26875
0 0.3484375 0.10078125 0.175 0.19375
0 0.77421875 0.13671875 0.1171875 0.26875
0 0.08984375 0.64375 0.1390625 0.17890625
0 0.5984375 0.72421875 0.1875 0.23984375
0 0.5515625 0.084375 0.075 0.07265625