0 0.15 0.41015625 0.115625 0.30390625
0 0.28828125 0.359375 0.1015625 0.19765625
0 0.27890625 0.75625 0.0546875 0.17109375
0 0.81484375 0.24375 0.1234375 0.10390625
0 0.765625 0.48203125 0.075 0.13984375
0 0.64765625 0.790625 0.1890625 0.23515625
0 0.0359375 0.33515625 0.071875 0.15390625
0 0.56328125 0.07265625 0.0703125 0.075
0 0.5828125 0.21953125 0.146875 0.18125
0 0.5890625 0.471875 0.11875 0.12265625
0 0.4125 0.540625 0.15625 0.18125
0 0.0171875 0.628125 0.034375 0.18125
0 0.17109375 0.16171875 0.0921875 0.12734375
0 0.36015625 0.16875 0.1328125 0.19609375